1.880911682139935481e-01 -4.854433842404597965e-01 8.537953110301466086e-01 7.848763691087288219e-01 -9.821515730476101380e-01 -9.296692664271337392e-02 1.635097492833781363e-01 5.473141867464448307e-01 1.064599114305345648e-16 -8.693111475460197912e-01 -4.942652412948156382e-01 1.054203512613208771e+00 0.000000000000000000e+00 0.000000000000000000e+00 0.000000000000000000e+00 1.000000000000000000e+00
1.768251789717246725e-01 -4.995493366135147495e-01 8.480467654384484799e-01 7.775694203344283295e-01 -9.842422750936974385e-01 -8.974711114037658977e-02 1.523568178990994670e-01 5.540258105522221088e-01 1.055185072925864877e-16 -8.616239993935604913e-01 -5.075471245796253639e-01 1.056085990593391033e+00 0.000000000000000000e+00 0.000000000000000000e+00 0.000000000000000000e+00 1.000000000000000000e+00
1.661014542897950585e-01 -5.131477849719457973e-01 8.420746152575796506e-01 7.705084935546512304e-01 -9.861086689015644557e-01 -8.643529464594497391e-02 1.418401669367797546e-01 5.598781048193934851e-01 1.045771135312243348e-16 -8.539369359723554265e-01 -5.203765073311298339e-01 1.058055968482635167e+00 0.000000000000000000e+00 0.000000000000000000e+00 0.000000000000000000e+00 1.000000000000000000e+00
1.559489148096300237e-01 -5.262322610508419762e-01 8.359183832163384897e-01 7.636906128298394103e-01 -9.877651218633398678e-01 -8.308184631371384743e-02 1.319752660289255919e-01 5.649000567927593419e-01 1.036384814259469039e-16 -8.462724231844157563e-01 -5.327503972383099695e-01 1.060104595619723034e+00 0.000000000000000000e+00 0.000000000000000000e+00 0.000000000000000000e+00 1.000000000000000000e+00
1.463943014831091405e-01 -5.388001982123230560e-01 8.296162094002466070e-01 7.571128022204365315e-01 -9.892263181361850011e-01 -7.973633253598393089e-02 1.227738114600928909e-01 5.691206537171205060e-01 1.027051966507530112e-16 -8.386515746602234422e-01 -5.446682809930531999e-01 1.062223021343438933e+00 0.000000000000000000e+00 0.000000000000000000e+00 0.000000000000000000e+00 1.000000000000000000e+00
1.374621060989947574e-01 -5.508524719147848137e-01 8.232045454030243459e-01 7.507720857868849240e-01 -9.905070264197163299e-01 -7.644705077251788550e-02 1.142439453159569823e-01 5.725688828372778039e-01 1.017796729030147966e-16 -8.310940997345338532e-01 -5.561318165565108940e-01 1.064402394992564949e+00 0.000000000000000000e+00 0.000000000000000000e+00 0.000000000000000000e+00 1.000000000000000000e+00
1.291745248951440272e-01 -5.623929167659633688e-01 8.167179129231746382e-01 7.446654875896275838e-01 -9.916218745661643519e-01 -7.326062452930534596e-02 1.063905013404032041e-01 5.752737313980316181e-01 1.008641502896713695e-16 -8.236182902686466356e-01 -5.671445247332920214e-01 1.066633865905884049e+00 0.000000000000000000e+00 0.000000000000000000e+00 0.000000000000000000e+00 1.000000000000000000e+00
1.215514323332887170e-01 -5.734278347082798488e-01 8.101887234956431927e-01 7.387900316891069519e-01 -9.925851345339229415e-01 -7.022165880138486749e-02 9.921526766307671441e-02 5.772641866441823311e-01 9.996069781964982732e-17 -8.162410410025678908e-01 -5.777114876675418786e-01 1.068908583422178760e+00 0.000000000000000000e+00 0.000000000000000000e+00 0.000000000000000000e+00 1.000000000000000000e+00
1.146103717855634918e-01 -5.839655071129726815e-01 8.036471546527516052e-01 7.331427421457659133e-01 -9.934105207210034427e-01 -6.737245326492739828e-02 9.271725762710121554e-02 5.785692358205306585e-01 9.907121930569685905e-17 -8.089778977471226984e-01 -5.878390604210016468e-01 1.071217696880231607e+00 0.000000000000000000e+00 0.000000000000000000e+00 0.000000000000000000e+00 1.000000000000000000e+00
1.083665597062512531e-01 -5.940157216378493255e-01 7.971210768663044011e-01 7.277206430200476861e-01 -9.941110042331446905e-01 -6.475276894754425361e-02 8.689298116760910129e-02 5.792178661718776489e-01 9.819746196957586748e-17 -8.018431276507215211e-01 -5.975346003699776309e-01 1.073552355618826670e+00 0.000000000000000000e+00 0.000000000000000000e+00 0.000000000000000000e+00 1.000000000000000000e+00
1.028328998315355958e-01 -6.035893227586418552e-01 7.906360250861337313e-01 7.225207583723944893e-01 -9.946986451746263613e-01 -6.239964301522425705e-02 8.173671047537459100e-02 5.792390649430234628e-01 9.734102706476864566e-17 -7.948498059403026339e-01 -6.068062178295994258e-01 1.075903708976745810e+00 0.000000000000000000e+00 0.000000000000000000e+00 0.000000000000000000e+00 1.000000000000000000e+00
9.802000405295922814e-02 -6.126977930148981288e-01 7.842152084983630145e-01 7.175401122632487638e-01 -9.951844446159002766e-01 -6.034724565830500848e-02 7.724073495247396615e-02 5.786618193787684827e-01 9.650338187318267178e-17 -7.880099138818807969e-01 -6.156625501229311404e-01 1.078262906292771550e+00 0.000000000000000000e+00 0.000000000000000000e+00 0.000000000000000000e+00 1.000000000000000000e+00
9.393621683216932250e-02 -6.213528702892547884e-01 7.778795522126572548e-01 7.127757287530541719e-01 -9.955782175034063597e-01 -5.862677279053927354e-02 7.339560167276247549e-02 5.775151167239139793e-01 9.568587249008871359e-17 -7.813344431774854604e-01 -6.241125602842237940e-01 1.080621096905687306e+00 0.000000000000000000e+00 0.000000000000000000e+00 0.000000000000000000e+00 1.000000000000000000e+00
9.058764034882590965e-02 -6.295662049088842638e-01 7.716477648854149773e-01 7.082246319022530434e-01 -9.958884874402513798e-01 -5.726636833873722382e-02 7.019033866039048331e-02 5.758279442232600021e-01 9.488973687858080996e-17 -7.748335025629163875e-01 -6.321653607293610255e-01 1.082969430154276269e+00 0.000000000000000000e+00 0.000000000000000000e+00 0.000000000000000000e+00 1.000000000000000000e+00
8.797815798289844447e-02 -6.373490590421488911e-01 7.655364267335837969e-01 7.038838457712880414e-01 -9.961224039835346877e-01 -5.629107023637304474e-02 6.761265927108291163e-02 5.736292891216074885e-01 9.411611774625663592e-17 -7.685164229538177239e-01 -6.398300615399911129e-01 1.085299055377320077e+00 0.000000000000000000e+00 0.000000000000000000e+00 0.000000000000000000e+00 1.000000000000000000e+00
8.610945420949454865e-02 -6.447120497653727744e-01 7.595600929374017873e-01 6.997503944206021620e-01 -9.962856828720078051e-01 -5.572277478438169424e-02 6.564914679252209506e-02 5.709481386637569322e-01 9.336607486864352231e-17 -7.623918580740881579e-01 -6.471156424800280638e-01 1.087601121913602586e+00 0.000000000000000000e+00 0.000000000000000000e+00 0.000000000000000000e+00 1.000000000000000000e+00
8.498102951180934450e-02 -6.516649362830065906e-01 7.537314080243558978e-01 6.958213019106379571e-01 -9.963825694095179708e-01 -5.558021475114395538e-02 6.428541907076387729e-02 5.678134800945087157e-01 9.264059655327783754e-17 -7.564678780671931779e-01 -6.540308474777916103e-01 1.089866779101905880e+00 0.000000000000000000e+00 0.000000000000000000e+00 0.000000000000000000e+00 1.000000000000000000e+00
8.459020947934239865e-02 -6.582164510775322386e-01 7.480612274347198110e-01 6.920935923018382008e-01 -9.964158250751746770e-01 -5.587894740149994266e-02 6.350627352521505398e-02 5.642543006586636656e-01 9.194061000336420549e-17 -7.507520541218646315e-01 -6.605841000446505129e-01 1.092087176281012706e+00 0.000000000000000000e+00 0.000000000000000000e+00 0.000000000000000000e+00 1.000000000000000000e+00
8.493214783840988269e-02 -6.643741742146778151e-01 7.425587430635501862e-01 6.885642896546455560e-01 -9.963867372981006776e-01 -5.663134952742824441e-02 6.329581334612714716e-02 5.602995876010222753e-01 9.126699039949093526e-17 -7.452515326299351539e-01 -6.667834379412350687e-01 1.094253462789706477e+00 0.000000000000000000e+00 0.000000000000000000e+00 0.000000000000000000e+00 1.000000000000000000e+00
8.599982374483010339e-02 -6.701444496027513242e-01 7.372316101351621409e-01 6.852304180295030189e-01 -9.962951522093531631e-01 -5.784661746231450907e-02 6.363755598945086689e-02 5.559783281663851495e-01 9.062056857148680697e-17 -7.399730978318024288e-01 -6.726364653252199233e-01 1.096356787966769941e+00 0.000000000000000000e+00 0.000000000000000000e+00 0.000000000000000000e+00 1.000000000000000000e+00
8.778403423928521354e-02 -6.755323416690730554e-01 7.320860732808506244e-01 6.820890014868534745e-01 -9.961395300522292162e-01 -5.953077096309314364e-02 6.451452530914063288e-02 5.513195095995530037e-01 9.000213718019411794e-17 -7.349232222944371840e-01 -6.781503206018275609e-01 1.098388301150985402e+00 0.000000000000000000e+00 0.000000000000000000e+00 0.000000000000000000e+00 1.000000000000000000e+00
9.027338330891743201e-02 -6.805416306399034720e-01 7.271270901513314788e-01 6.791370640871391418e-01 -9.959170227814971854e-01 -6.168666071079949298e-02 6.590932881155323053e-02 5.463521191453263315e-01 8.941245537104607291e-17 -7.301081049107261967e-01 -6.833316582331512290e-01 1.100339151681136052e+00 0.000000000000000000e+00 0.000000000000000000e+00 0.000000000000000000e+00 1.000000000000000000e+00
9.345426949845543618e-02 -6.851748443642801112e-01 7.223584512988650008e-01 6.763716298908034608e-01 -9.956235732004894423e-01 -6.431397998436853836e-02 6.780422159467787424e-02 5.411051440485060704e-01 8.885225189842457672e-17 -7.255336964117896636e-01 -6.881866428310310368e-01 1.102200488896004860e+00 0.000000000000000000e+00 0.000000000000000000e+00 0.000000000000000000e+00 1.000000000000000000e+00
9.731087445435331051e-02 -6.894333243827548419e-01 7.177828954102154491e-01 6.737897229582887615e-01 -9.952540347634514228e-01 -6.740928178161401108e-02 7.018115855952986037e-02 5.356075715538922699e-01 8.832222675246574681e-17 -7.212057126508567562e-01 -6.927209539488248247e-01 1.103963462134374351e+00 0.000000000000000000e+00 0.000000000000000000e+00 0.000000000000000000e+00 1.000000000000000000e+00
1.018251551494182006e-01 -6.933173236906985393e-01 7.134022192628531878e-01 6.713883673500378180e-01 -9.948023109034260791e-01 -7.096600327402970143e-02 7.302183646357776614e-02 5.298883889062858676e-01 8.782305134891123394e-17 -7.171296361535184349e-01 -6.969398000905977497e-01 1.105619220735027275e+00 0.000000000000000000e+00 0.000000000000000000e+00 0.000000000000000000e+00 1.000000000000000000e+00
1.069768428064821197e-01 -6.968261333705740856e-01 7.092173820169470622e-01 6.691645871264934042e-01 -9.942615124317935038e-01 -7.497449996903753078e-02 7.630772733632928961e-02 5.239765833504871351e-01 8.735536736833126270e-17 -7.133107066392651019e-01 -7.008479405647078941e-01 1.107158914036745934e+00 0.000000000000000000e+00 0.000000000000000000e+00 0.000000000000000000e+00 1.000000000000000000e+00
1.127434517017289889e-01 -6.999582349633181044e-01 7.052286036494948007e-01 6.671154063480986274e-01 -9.936241311976978796e-01 -7.942209229730635978e-02 8.002010470336969050e-02 5.179011421312972319e-01 8.691978435401673597e-17 -7.097539014067866248e-01 -7.044497139170725619e-01 1.108573691378314408e+00 0.000000000000000000e+00 0.000000000000000000e+00 0.000000000000000000e+00 1.000000000000000000e+00
1.191003010666182582e-01 -7.027114751177306884e-01 7.014354574896423111e-01 6.652378490752954843e-01 -9.928822278023919923e-01 -8.429312752906502337e-02 8.414006397387566172e-02 5.116910524935162075e-01 8.651687619834344693e-17 -7.064639066429591052e-01 -7.077490717837560119e-01 1.109854702098514556e+00 0.000000000000000000e+00 0.000000000000000000e+00 0.000000000000000000e+00 1.000000000000000000e+00
1.260205532099100134e-01 -7.050832587075942515e-01 6.978369569311646536e-01 6.635289393685278592e-01 -9.920276307485936806e-01 -8.956905994072600352e-02 8.864853824325812093e-02 5.053753016819452215e-01 8.614717666559224565e-17 -7.034450808638970098e-01 -7.107496171004142882e-01 1.110993095536129571e+00 0.000000000000000000e+00 0.000000000000000000e+00 0.000000000000000000e+00 1.000000000000000000e+00
1.334752707399246008e-01 -7.070707562545939240e-01 6.944316364844421718e-01 6.619857012882375269e-01 -9.910521439868357207e-01 -9.522855199495824929e-02 9.352631065127987864e-02 4.989828769413844345e-01 8.581117411503493764e-17 -7.007014118256792434e-01 -7.134546456962067573e-01 1.111980021029942423e+00 0.000000000000000000e+00 0.000000000000000000e+00 0.000000000000000000e+00 1.000000000000000000e+00
1.414334953789370963e-01 -7.086711211619559636e-01 6.912176273909341750e-01 6.606051588948677056e-01 -9.899477594221303134e-01 -1.012475989627509843e-01 9.875402431993224317e-02 4.925427655166345620e-01 8.550930560140545124e-17 -6.982364683510409176e-01 -7.158671903814740611e-01 1.112806627918735192e+00 0.000000000000000000e+00 0.000000000000000000e+00 0.000000000000000000e+00 1.000000000000000000e+00
1.498623503301494964e-01 -7.098817119740469250e-01 6.881927280626553012e-01 6.593843362488609472e-01 -9.887068705908357291e-01 -1.075996789111490909e-01 1.043121907769848228e-01 4.860839546524961530e-01 8.524195054038370965e-17 -6.960533486041238227e-01 -7.179900667119191171e-01 1.113464065541291292e+00 0.000000000000000000e+00 0.000000000000000000e+00 0.000000000000000000e+00 1.000000000000000000e+00
1.587271674940615718e-01 -7.107003146582910880e-01 6.853544696315320151e-01 6.583202574106601368e-01 -9.873224834365477154e-01 -1.142559293192665221e-01 1.101811976522249492e-01 4.796354315937698676e-01 8.500942413406793146e-17 -6.941546264053831683e-01 -7.198259196778087343e-01 1.113943483236393250e+00 0.000000000000000000e+00 0.000000000000000000e+00 0.000000000000000000e+00 1.000000000000000000e+00
1.679916400544909649e-01 -7.111253597849507280e-01 6.827001769023696154e-01 6.574099464407078264e-01 -9.857884199318849294e-01 -1.211853507904550598e-01 1.163413163153658586e-01 4.732261835852562548e-01 8.481197075520407520e-17 -6.925422972097218244e-01 -7.213772706257671752e-01 1.114236030342823813e+00 0.000000000000000000e+00 0.000000000000000000e+00 0.000000000000000000e+00 1.000000000000000000e+00
1.776180000921513957e-01 -7.111561294826312940e-01 6.802270250016149156e-01 6.566504273994474561e-01 -9.840995102342368073e-01 -1.283550374310364339e-01 1.227727100084246292e-01 4.668851978717561413e-01 8.464975748880045467e-17 -6.912177253697712187e-01 -7.226465637741866788e-01 1.114332856199366617e+00 0.000000000000000000e+00 0.000000000000000000e+00 0.000000000000000000e+00 1.000000000000000000e+00
1.875672199702066723e-01 -7.107929491930237154e-01 6.779320920048937937e-01 6.560387243473208008e-01 -9.822517691471205348e-01 -1.357304325044093041e-01 1.294554429119065264e-01 4.606414616980697430e-01 8.452286802536791993e-17 -6.901815942704135898e-01 -7.236362117323525966e-01 1.114225110144803077e+00 0.000000000000000000e+00 0.000000000000000000e+00 0.000000000000000000e+00 1.000000000000000000e+00
1.977992353119936986e-01 -7.100373595507065705e-01 6.758124078117028199e-01 6.555718613447713006e-01 -9.802425528969810342e-01 -1.432756069883012462e-01 1.363694904740180569e-01 4.545239623089979419e-01 8.443129709118513609e-17 -6.894338608484461561e-01 -7.243486394793638983e-01 1.113903941517917273e+00 0.000000000000000000e+00 0.000000000000000000e+00 0.000000000000000000e+00 1.000000000000000000e+00
2.082731865004230076e-01 -7.088922641770354360e-01 6.738649995176454466e-01 6.552468624522417295e-01 -9.780706926316522498e-01 -1.509535577110419635e-01 1.434947512260260905e-01 4.485616869493413983e-01 8.437494558765092470e-17 -6.889737159023814339e-01 -7.247863263029075132e-01 1.113360499657491287e+00 0.000000000000000000e+00 0.000000000000000000e+00 0.000000000000000000e+00 1.000000000000000000e+00
2.189476748166224451e-01 -7.073620497956581987e-01 6.720869335147645618e-01 6.550607517301745286e-01 -9.757366015951203231e-01 -1.587265208695578522e-01 1.508110602053154281e-01 4.427836228639006055e-01 8.435361659407617392e-17 -6.887995514527653906e-01 -7.249518452410955716e-01 1.112585933902308311e+00 0.000000000000000000e+00 0.000000000000000000e+00 0.000000000000000000e+00 1.000000000000000000e+00
2.297810286454256001e-01 -7.054526758346366666e-01 6.704753545302027939e-01 6.550105532390124718e-01 -9.732423536173557821e-01 -1.665562959847128044e-01 1.582982040112983491e-01 4.372187572974759462e-01 8.436701236652359965e-17 -6.889089362358452595e-01 -7.248478996137025510e-01 1.111571393591150647e+00 0.000000000000000000e+00 0.000000000000000000e+00 0.000000000000000000e+00 1.000000000000000000e+00
2.407315746452261540e-01 -7.031717315503321908e-01 6.690275217936385577e-01 6.550932910391986663e-01 -9.705917313519778489e-01 -1.744045747704141835e-01 1.659359374286387134e-01 4.318960774948683023e-01 8.441473244005459382e-17 -6.892986002072386542e-01 -7.244773562730180139e-01 1.110308028062801489e+00 0.000000000000000000e+00 0.000000000000000000e+00 0.000000000000000000e+00 1.000000000000000000e+00
2.517579084393203326e-01 -7.005284596562162402e-01 6.677408425054945917e-01 6.553059891911753310e-01 -9.677902435643059853e-01 -1.822332690147120127e-01 1.737040014678786493e-01 4.268445707008782231e-01 8.449627291370546571e-17 -6.899644287033213086e-01 -7.238432752496215539e-01 1.108786986656043583e+00 0.000000000000000000e+00 0.000000000000000000e+00 0.000000000000000000e+00 1.000000000000000000e+00
2.628191592542835631e-01 -6.975337464244113495e-01 6.666129027614127178e-01 6.556456717553857949e-01 -9.648451116779686032e-01 -1.900048314158241380e-01 1.815821425960512658e-01 4.220932241603062574e-01 8.461102696756617938e-17 -6.909014666634957225e-01 -7.229489355149716356e-01 1.106999418709659677e+00 0.000000000000000000e+00 0.000000000000000000e+00 0.000000000000000000e+00 1.000000000000000000e+00
2.738752430151817352e-01 -6.942000792043908630e-01 6.656414960742702558e-01 6.561093627922724991e-01 -9.617652266865209798e-01 -1.976825633926046766e-01 1.895501328597626878e-01 4.176710251179530098e-01 8.475828663045538344e-17 -6.921039330643529164e-01 -7.217978566308255184e-01 1.104936473562432742e+00 0.000000000000000000e+00 0.000000000000000000e+00 0.000000000000000000e+00 1.000000000000000000e+00
2.848870987016754452e-01 -6.905414732269778977e-01 6.648246496233851666e-01 6.566940863622782176e-01 -9.585610783843364624e-01 -2.052309041927704303e-01 1.975877905410048929e-01 4.136069608186190294e-01 8.493724578592733734e-17 -6.935652454655820698e-01 -7.203938161049600053e-01 1.102589300553145302e+00 0.000000000000000000e+00 0.000000000000000000e+00 0.000000000000000000e+00 1.000000000000000000e+00
2.958169032552290245e-01 -6.865733703908365460e-01 6.641606483514765902e-01 6.573968665258458355e-01 -9.552446596283523661e-01 -2.126156961354180863e-01 2.056750009319680550e-01 4.099300185071050873e-01 8.514700437474454231e-17 -6.952780543257631729e-01 -7.187408623231192895e-01 1.099949049020580549e+00 0.000000000000000000e+00 0.000000000000000000e+00 0.000000000000000000e+00 1.000000000000000000e+00
3.066282609767495004e-01 -6.823125134272272074e-01 6.636480570234455367e-01 6.582147273434181267e-01 -9.518293489751061820e-01 -2.198044215175146143e-01 2.137917367696337001e-01 4.066691854282116769e-01 8.538657372450685663e-17 -6.972342865220920727e-01 -7.168433229779219706e-01 1.097006868303521010e+00 0.000000000000000000e+00 0.000000000000000000e+00 0.000000000000000000e+00 1.000000000000000000e+00
3.172863641286305936e-01 -6.777767993796431911e-01 6.632857403568397370e-01 6.591446928754376433e-01 -9.483297755201162138e-01 -2.267664075484316366e-01 2.219180778340165139e-01 4.038534488267393474e-01 8.565488291270631855e-17 -6.994251973086654806e-01 -7.147058089659930058e-01 1.093753907740749209e+00 0.000000000000000000e+00 0.000000000000000000e+00 0.000000000000000000e+00 1.000000000000000000e+00
3.277581223124422793e-01 -6.729851167007057100e-01 6.630728813317278147e-01 6.601837871823472703e-01 -9.447616700831072967e-01 -2.334729966073241236e-01 2.300342291855155541e-01 4.015117959474887033e-01 8.595078604881186339e-17 -7.018414297792159307e-01 -7.123332137739092351e-01 1.090181316671048339e+00 0.000000000000000000e+00 0.000000000000000000e+00 0.000000000000000000e+00 1.000000000000000000e+00
3.380125664602698921e-01 -6.679571334939663485e-01 6.630088783187337853e-01 6.613289237534489828e-01 -9.411415966340780370e-01 -2.398979131144754195e-01 2.381207390555850345e-01 3.996726404486946604e-01 8.627306491852005841e-17 -7.044730364590567895e-01 -7.097307523999201173e-01 1.086280738124817846e+00 0.000000000000000000e+00 0.000000000000000000e+00 0.000000000000000000e+00 1.000000000000000000e+00
3.480323255420284534e-01 -6.627116509411069556e-01 6.630888085955908284e-01 6.625727410140498375e-01 -9.374825333721197307e-01 -2.460259992377686333e-01 2.461660157723847275e-01 3.983422191415764146e-01 8.662023644068163107e-17 -7.073079070715737604e-01 -7.069055980780107884e-01 1.082062902963484730e+00 0.000000000000000000e+00 0.000000000000000000e+00 0.000000000000000000e+00 1.000000000000000000e+00
3.578163387474651569e-01 -6.572656813476531745e-01 6.633018105266748066e-01 6.639023374233258279e-01 -9.337919831125984782e-01 -2.518552353600758131e-01 2.541681976494337136e-01 3.974980303245424507e-01 8.699051328567536500e-17 -7.103314469628431160e-01 -7.038673422284016379e-01 1.077563277569994149e+00 0.000000000000000000e+00 0.000000000000000000e+00 0.000000000000000000e+00 1.000000000000000000e+00
3.673650420164298880e-01 -6.516359899293946434e-01 6.636365440005580485e-01 6.653044425493763736e-01 -9.300768387097201328e-01 -2.573854899471847424e-01 2.621255112734756088e-01 3.971156586776407038e-01 8.738206732843368567e-17 -7.135287283588417351e-01 -7.006259728318771085e-01 1.072818975397492602e+00 0.000000000000000000e+00 0.000000000000000000e+00 0.000000000000000000e+00 1.000000000000000000e+00
3.766793026637159647e-01 -6.458392529255310155e-01 6.640815931234419489e-01 6.667657859603013382e-01 -9.263437282913814519e-01 -2.626177216890731025e-01 2.700356074855015942e-01 3.971706888809191094e-01 8.779304836352123921e-17 -7.168846431856611412e-01 -6.971918017049306693e-01 1.067867109899129252e+00 0.000000000000000000e+00 0.000000000000000000e+00 0.000000000000000000e+00 1.000000000000000000e+00
3.857603917089074685e-01 -6.398920964386035637e-01 6.646254773208736255e-01 6.682730972242003631e-01 -9.225990029197898012e-01 -2.675539698096230379e-01 2.778955794008264868e-01 3.976387056144258247e-01 8.822158498512407260e-17 -7.203839102551640172e-01 -6.935755343475429324e-01 1.062744794528051262e+00 0.000000000000000000e+00 0.000000000000000000e+00 0.000000000000000000e+00 1.000000000000000000e+00
3.946099561004322021e-01 -6.338111323828062860e-01 6.652566655164304787e-01 6.698131059091734230e-01 -9.188487266935809750e-01 -2.721973441978234876e-01 2.857019833064458614e-01 3.984952935582087297e-01 8.866578603942788048e-17 -7.240110871245526436e-01 -6.897883339987155304e-01 1.057489142737406018e+00 0.000000000000000000e+00 0.000000000000000000e+00 0.000000000000000000e+00 1.000000000000000000e+00
4.032299910608933002e-01 -6.276129910569653303e-01 6.659635934235155208e-01 6.713725415833203813e-01 -9.150986691658075101e-01 -2.765520148819561874e-01 2.934508625915050462e-01 3.997160373923159815e-01 8.912374266462884739e-17 -7.277505867543219154e-01 -6.858418793561239513e-01 1.052137267980341795e+00 0.000000000000000000e+00 0.000000000000000000e+00 0.000000000000000000e+00 1.000000000000000000e+00
4.116228127560635497e-01 -6.213143498254010133e-01 6.667346839034443695e-01 6.729381338147407687e-01 -9.113542999398129840e-01 -2.806232003269489850e-01 3.011377748132479937e-01 4.012765217967954046e-01 8.959353092170621349e-17 -7.315866989901473882e-01 -6.817484153708752714e-01 1.046726283710006422e+00 0.000000000000000000e+00 0.000000000000000000e+00 0.000000000000000000e+00 1.000000000000000000e+00
4.197910314652609776e-01 -6.149319573734830513e-01 6.675583702584735324e-01 6.744966121715345597e-01 -9.076207852960024303e-01 -2.844171540017985111e-01 3.087578219384652933e-01 4.031523314516950451e-01 9.007321500624781805e-17 -7.355036167894309918e-01 -6.775207964997576049e-01 1.041293303379547508e+00 0.000000000000000000e+00 0.000000000000000000e+00 0.000000000000000000e+00 1.000000000000000000e+00
4.277375254066611565e-01 -6.084826530059215255e-01 6.684231222435840225e-01 6.760347062218012848e-01 -9.039029866965734294e-01 -2.879411486412114529e-01 3.163056837304602520e-01 4.053190510370627830e-01 9.056085101823772550e-17 -7.394854670039534561e-01 -6.731725217876506351e-01 1.035875440442111994e+00 0.000000000000000000e+00 0.000000000000000000e+00 0.000000000000000000e+00 1.000000000000000000e+00
4.354654153477549583e-01 -6.019833804752706685e-01 6.693174744973964252e-01 6.775391455336412516e-01 -9.002054610120999723e-01 -2.912034576155341226e-01 3.237756541754653883e-01 4.077522652329468311e-01 9.105449125303729974e-17 -7.435163454183931764e-01 -6.687177611636143659e-01 1.030509808350849044e+00 0.000000000000000000e+00 0.000000000000000000e+00 0.000000000000000000e+00 1.000000000000000000e+00
4.429780401089126185e-01 -5.954511958659154391e-01 6.702300570126037416e-01 6.789966596751538797e-01 -8.965324623131426529e-01 -2.942133328274963988e-01 3.311616807622377867e-01 4.104275587193951802e-01 9.155218896314143214e-17 -7.475803556330170574e-01 -6.641713723668101199e-01 1.025233520558905820e+00 0.000000000000000000e+00 0.000000000000000000e+00 0.000000000000000000e+00 1.000000000000000000e+00
4.502789330471151374e-01 -5.889032691145767995e-01 6.711496271921157941e-01 6.803939782144388104e-01 -8.928879450714695132e-01 -2.969809785746908015e-01 3.384574063465999316e-01 4.133205161764555435e-01 9.205200352704671595e-17 -7.516616512706921771e-01 -6.595489079734848659e-01 1.020083690519429487e+00 0.000000000000000000e+00 0.000000000000000000e+00 0.000000000000000000e+00 1.000000000000000000e+00
4.573717995874724829e-01 -5.823568788211811453e-01 6.720651029712590985e-01 6.817178307195960185e-01 -8.892755686187026054e-01 -2.995175208538677358e-01 3.456562132516006747e-01 4.164067222841761340e-01 9.255200594915781492e-17 -7.557444808870290576e-01 -6.548666120736306162e-01 1.015097431685568319e+00 0.000000000000000000e+00 0.000000000000000000e+00 0.000000000000000000e+00 1.000000000000000000e+00
4.642604958523228187e-01 -5.758294000922734579e-01 6.729655964314429362e-01 6.829549467587252565e-01 -8.856987027149556546e-01 -3.018349716373254776e-01 3.527512691766531705e-01 4.196617617226047758e-01 9.305028460353189632e-17 -7.598132348716146733e-01 -6.501414062447742337e-01 1.010311857510469924e+00 0.000000000000000000e+00 0.000000000000000000e+00 0.000000000000000000e+00 1.000000000000000000e+00
4.709490084215112171e-01 -5.693382852608972478e-01 6.738404472892500774e-01 6.840920558999266099e-01 -8.821604340859975357e-01 -3.039461877224529651e-01 3.597355744184776438e-01 4.230612191717899040e-01 9.354495112488284768e-17 -7.638524935517121417e-01 -6.453908645889183671e-01 1.005764081447282576e+00 0.000000000000000000e+00 0.000000000000000000e+00 0.000000000000000000e+00 1.000000000000000000e+00
4.774414352429312558e-01 -5.629010374393390581e-01 6.746792556192058310e-01 6.851158877112993872e-01 -8.786635737944130664e-01 -3.058648238417300824e-01 3.666020098459603083e-01 4.265806793117788986e-01 9.403414634308048581e-17 -7.678470756511242001e-01 -6.406331777343543532e-01 1.001491216949153218e+00 0.000000000000000000e+00 0.000000000000000000e+00 0.000000000000000000e+00 1.000000000000000000e+00
4.837419676995425299e-01 -5.565351769811535121e-01 6.754719131605183557e-01 6.860131717609435631e-01 -8.752106653178849394e-01 -3.076052798203657290e-01 3.733433850230371553e-01 4.301957268226201947e-01 9.451604615278718164e-17 -7.717820862194139098e-01 -6.358871058535542353e-01 9.975303774692301229e-01 0.000000000000000000e+00 0.000000000000000000e+00 0.000000000000000000e+00 1.000000000000000000e+00
4.898538904910146874e-01 -5.502575477354602063e-01 6.762098765405417655e-01 6.867730753049077208e-01 -8.718045457387894048e-01 -3.091814579859072931e-01 3.799521812898192796e-01 4.338854632965433722e-01 9.498898175111401925e-17 -7.756438984468749798e-01 -6.311707715049341694e-01 9.939114573639284966e-01 0.000000000000000000e+00 0.000000000000000000e+00 0.000000000000000000e+00 1.000000000000000000e+00
4.957764338714852337e-01 -5.440819167139809842e-01 6.768903866376840828e-01 6.873954437956725227e-01 -8.684501871827036146e-01 -3.106027223938772619e-01 3.864197474558452305e-01 4.376443960216273021e-01 9.545183564973545376e-17 -7.794233873488481956e-01 -6.264975524721922984e-01 9.906327280196258744e-01 0.000000000000000000e+00 0.000000000000000000e+00 0.000000000000000000e+00 1.000000000000000000e+00
5.015082260003587145e-01 -5.380207438526548591e-01 6.775124931971432396e-01 6.878830457329730974e-01 -8.651528762328499766e-01 -3.118776302008359758e-01 3.927376281009211656e-01 4.414712494379047225e-01 9.590368696328677796e-17 -7.831130333256793863e-01 -6.218793910682789416e-01 9.876838043575034698e-01 0.000000000000000000e+00 0.000000000000000000e+00 0.000000000000000000e+00 1.000000000000000000e+00
5.070484750539449026e-01 -5.320859000490902879e-01 6.780755407138784330e-01 6.882386496906903739e-01 -8.619175389475892679e-01 -3.130152619321538432e-01 3.988979842667497167e-01 4.453647480923803581e-01 9.634367593091250105e-17 -7.867058158972098925e-01 -6.173280807103346257e-01 9.850543010791661391e-01 0.000000000000000000e+00 0.000000000000000000e+00 0.000000000000000000e+00 1.000000000000000000e+00
5.123969154909344681e-01 -5.262886517230193073e-01 6.785791450250608925e-01 6.884650242427045042e-01 -8.587487414811018072e-01 -3.140251260638294295e-01 4.048935899779346204e-01 4.493236165320582121e-01 9.677100387824865184e-17 -7.901952133923380028e-01 -6.128552233046867803e-01 9.827338328862181838e-01 0.000000000000000000e+00 0.000000000000000000e+00 0.000000000000000000e+00 1.000000000000000000e+00
5.175537551418476490e-01 -5.206396522796549187e-01 6.790231682444218819e-01 6.885649379628960842e-01 -8.556506942313391040e-01 -3.149170671276621536e-01 4.107178231987735906e-01 4.533465793039427871e-01 9.718493248982267898e-17 -7.935751970077137285e-01 -6.084721905676285791e-01 9.807120144802644601e-01 0.000000000000000000e+00 0.000000000000000000e+00 0.000000000000000000e+00 1.000000000000000000e+00
5.225196236141740336e-01 -5.151489400532373031e-01 6.794076924057661504e-01 6.885411594251457101e-01 -8.526272590869365953e-01 -3.157011782031383107e-01 4.163646516493065275e-01 4.574323609550381975e-01 9.758478244195735432e-17 -7.968402196445512065e-01 -6.041900895883872691e-01 9.789784605629100467e-01 0.000000000000000000e+00 0.000000000000000000e+00 0.000000000000000000e+00 1.000000000000000000e+00
5.272955223878066366e-01 -5.098259422373421224e-01 6.797329922047159467e-01 6.883964572033340890e-01 -8.496819593646615099e-01 -3.163877184586906255e-01 4.218286139402283030e-01 4.615796860323488904e-01 9.796993145538819997e-17 -7.999852000070443170e-01 -6.000197328169210031e-01 9.775227858357591337e-01 0.000000000000000000e+00 0.000000000000000000e+00 0.000000000000000000e+00 1.000000000000000000e+00
5.318827768943430456e-01 -5.046794842719930507e-01 6.799995072043196753e-01 6.881335998713412616e-01 -8.468179920402982841e-01 -3.169870362454683121e-01 4.271047965185495454e-01 4.657872790828789245e-01 9.833981183053540727e-17 -8.030055024763337324e-01 -5.959716125728898861e-01 9.763346050004163557e-01 0.000000000000000000e+00 0.000000000000000000e+00 0.000000000000000000e+00 1.000000000000000000e+00
5.362829907992546774e-01 -4.997178041348923627e-01 6.802078138407468000e-01 6.877553560030479352e-01 -8.440382418939362807e-01 -3.175094980954340507e-01 4.321888069348613914e-01 4.700538646536326914e-01 9.869390753029030519e-17 -8.058969132896509624e-01 -5.920558800909023756e-01 9.754035327584862358e-01 0.000000000000000000e+00 0.000000000000000000e+00 0.000000000000000000e+00 1.000000000000000000e+00
5.404980026384642589e-01 -4.949485709739120942e-01 6.803585975312673728e-01 6.872644941723344836e-01 -8.413452972138316666e-01 -3.179654238349782225e-01 4.370767439496316964e-01 4.743781672916145831e-01 9.903175087544201032e-17 -8.086556135564292314e-01 -5.882823290425057694e-01 9.747191838115734086e-01 0.000000000000000000e+00 0.000000000000000000e+00 0.000000000000000000e+00 1.000000000000000000e+00
5.445298449007738295e-01 -4.903789075190017610e-01 6.804526251494731337e-01 6.866637829530818360e-01 -8.387414667299686322e-01 -3.183650278970904801e-01 4.417651649912491818e-01 4.787589115438286025e-01 9.935291891667019359e-17 -8.112781496333764109e-01 -5.846603834085604134e-01 9.742711728612830635e-01 0.000000000000000000e+00 0.000000000000000000e+00 0.000000000000000000e+00 1.000000000000000000e+00
5.483807055949190268e-01 -4.860154157223389726e-01 6.804907180935394484e-01 6.859559909191699223e-01 -8.362287974778308541e-01 -3.187183668006720594e-01 4.462510514639640435e-01 4.831948219572791969e-01 9.965702954457628263e-17 -8.137614013604689278e-01 -5.811990895173922977e-01 9.740491146092193908e-01 0.000000000000000000e+00 0.000000000000000000e+00 0.000000000000000000e+00 1.000000000000000000e+00
5.520528922945525663e-01 -4.818642050944177413e-01 6.804737261334518061e-01 6.851438866444794495e-01 -8.338090933236571578e-01 -3.190352926654048682e-01 4.505317723809056929e-01 4.876846230789704806e-01 9.994373739574095822e-17 -8.161025486313742139e-01 -5.779071120148768781e-01 9.740426237569869139e-01 0.000000000000000000e+00 0.000000000000000000e+00 0.000000000000000000e+00 1.000000000000000000e+00
5.555487986158563762e-01 -4.779309232292662246e-01 6.804025021835972131e-01 6.842302387028911248e-01 -8.314839339136257390e-01 -3.193254125448531933e-01 4.546050467676097662e-01 4.922270394559069007e-01 1.002127296085014050e-16 -8.182990367367424245e-01 -5.747927334924471943e-01 9.742413150061906002e-01 0.000000000000000000e+00 0.000000000000000000e+00 0.000000000000000000e+00 1.000000000000000000e+00
5.588708730502069955e-01 -4.742207880426960176e-01 6.802778781088386628e-01 6.832178156682853221e-01 -8.292546938402577394e-01 -3.195980532888392234e-01 4.584689052464571146e-01 4.968207956350927934e-01 1.004637214772553010e-16 -8.203485408789052968e-01 -5.718638574677117337e-01 9.746348030584351951e-01 0.000000000000000000e+00 0.000000000000000000e+00 0.000000000000000000e+00 1.000000000000000000e+00
5.620215900478584548e-01 -4.707386212820107163e-01 6.801006416359188789e-01 6.821093861145423043e-01 -8.271225618492563658e-01 -3.198622315879585676e-01 4.621216511736863097e-01 5.014646161635321064e-01 1.006964520488177349e-16 -8.222489302134012856e-01 -5.691280143894843491e-01 9.752127026153246669e-01 0.000000000000000000e+00 0.000000000000000000e+00 0.000000000000000000e+00 1.000000000000000000e+00
5.650034232273060120e-01 -4.674888829026699333e-01 6.798715144083031792e-01 6.809077186155428896e-01 -8.250885599385230362e-01 -3.201266288074557931e-01 4.655618216595382441e-01 5.061572255882293980e-01 1.009106796988712305e-16 -8.239982317279493929e-01 -5.665923703238623377e-01 9.759646283784644272e-01 0.000000000000000000e+00 0.000000000000000000e+00 0.000000000000000000e+00 1.000000000000000000e+00
5.678188205682109801e-01 -4.644757059458604065e-01 6.795911311918517717e-01 6.796155817451674519e-01 -8.231535622279272379e-01 -3.203995701834039256e-01 4.687881487599320773e-01 5.108973484561888379e-01 1.011061777210145712e-16 -8.255945942242990387e-01 -5.642637379697682531e-01 9.768801950494586661e-01 0.000000000000000000e+00 0.000000000000000000e+00 0.000000000000000000e+00 1.000000000000000000e+00
5.704701814328925202e-01 -4.617029315897731023e-01 6.792600202112089036e-01 6.782357440772965873e-01 -8.213183135033107485e-01 -3.206890079299986041e-01 4.717995210859698973e-01 5.156837093144148731e-01 1.012827299554754505e-16 -8.270362526239600776e-01 -5.621485896502074198e-01 9.779490173299123512e-01 0.000000000000000000e+00 0.000000000000000000e+00 0.000000000000000000e+00 1.000000000000000000e+00
5.729598352517529802e-01 -4.591741440857073919e-01 6.788785845727070001e-01 6.767709741858105588e-01 -8.195834473610873472e-01 -3.210025077913777336e-01 4.745949460364725092e-01 5.205150327099113960e-01 1.014401264793192072e-16 -8.283214927760866875e-01 -5.602530719283879135e-01 9.791607099214296728e-01 0.000000000000000000e+00 0.000000000000000000e+00 0.000000000000000000e+00 1.000000000000000000e+00
5.752900217010465944e-01 -4.568927053272137107e-01 6.784470847088881484e-01 6.752240406445900733e-01 -8.179495039005827417e-01 -3.213472385633847073e-01 4.771735128194750097e-01 5.253900431896829648e-01 1.015781593750534719e-16 -8.294486169055121927e-01 -5.585830215048904757e-01 9.805048875256154872e-01 0.000000000000000000e+00 0.000000000000000000e+00 0.000000000000000000e+00 1.000000000000000000e+00
5.774628721965257006e-01 -4.548617888357129879e-01 6.779656217624271397e-01 6.735977120275155050e-01 -8.164169469300224247e-01 -3.217299641086876494e-01 4.795343563917850993e-01 5.303074653007338046e-01 1.016966185899698631e-16 -8.304159098017077634e-01 -5.571439820622692274e-01 9.819711648440746510e-01 0.000000000000000000e+00 0.000000000000000000e+00 0.000000000000000000e+00 1.000000000000000000e+00
5.794803925231999386e-01 -4.530844129789166619e-01 6.774341218131166853e-01 6.718947569084675608e-01 -8.149861806688247778e-01 -3.221570373913577034e-01 4.816766224118264605e-01 5.352660235900680297e-01 1.017952878944277981e-16 -8.312216058156657317e-01 -5.559412217359187558e-01 9.835491565784115764e-01 0.000000000000000000e+00 0.000000000000000000e+00 0.000000000000000000e+00 1.000000000000000000e+00
5.813444464192217831e-01 -4.515634732685527841e-01 6.768523208404988445e-01 6.701179438613263928e-01 -8.136575659437627062e-01 -3.226343960631124497e-01 4.835994332704104393e-01 5.402644426046900872e-01 1.018739409436113273e-16 -8.318638567017031527e-01 -5.549797509039120502e-01 9.852284774302308978e-01 0.000000000000000000e+00 0.000000000000000000e+00 0.000000000000000000e+00 1.000000000000000000e+00
5.830567399303159259e-01 -4.503017736110954128e-01 6.762197503064618642e-01 6.682700414599731520e-01 -8.124314358897198884e-01 -3.231675591417705329e-01 4.853018552370455541e-01 5.453014468916045354e-01 1.019323374440969010e-16 -8.323407003151126471e-01 -5.542643400029879652e-01 9.869987421011374717e-01 0.000000000000000000e+00 0.000000000000000000e+00 0.000000000000000000e+00 1.000000000000000000e+00
5.846188063497799181e-01 -4.493020564092475855e-01 6.755357232364397335e-01 6.663538182782873243e-01 -8.113081111773494669e-01 -3.237616243319635378e-01 4.867828667360531436e-01 5.503757609978148224e-01 1.019702194238699881e-16 -8.326500301545362026e-01 -5.537995370923038951e-01 9.888495652927355994e-01 0.000000000000000000e+00 0.000000000000000000e+00 0.000000000000000000e+00 1.000000000000000000e+00
5.860319915575239458e-01 -4.485670314327089292e-01 6.747993206745018790e-01 6.643720428901501718e-01 -8.102879148001171927e-01 -3.244212655478184715e-01 4.880413277471793432e-01 5.554861094703259505e-01 1.019873076022233554e-16 -8.327895657199356760e-01 -5.535896849002887032e-01 9.907705617066300263e-01 0.000000000000000000e+00 0.000000000000000000e+00 0.000000000000000000e+00 1.000000000000000000e+00
5.872974395694883221e-01 -4.480994033942554133e-01 6.740093783864103960e-01 6.623274838694419575e-01 -8.093711864621343510e-01 -3.251507302062496274e-01 4.890759503095807870e-01 5.606312168561419229e-01 1.019832978542573096e-16 -8.327568236430459292e-01 -5.536389371024629247e-01 9.927513460444257198e-01 0.000000000000000000e+00 0.000000000000000000e+00 0.000000000000000000e+00 1.000000000000000000e+00
5.884160781057752310e-01 -4.479018981813636113e-01 6.731644736854059952e-01 6.602229097900432775e-01 -8.085582966160315133e-01 -3.259538358669101243e-01 4.898852700959983597e-01 5.658098077022671868e-01 1.019578577634744274e-16 -8.325490895371747690e-01 -5.539512735889513539e-01 9.947815330077270923e-01 0.000000000000000000e+00 0.000000000000000000e+00 0.000000000000000000e+00 1.000000000000000000e+00
