1.552418274012184974e-03 3.088298944501896015e-01 -9.511160214670906221e-01 2.712552479268488081e+00 9.999987949980252422e-01 -4.794337494242326071e-04 1.476531671654893055e-03 -2.380996450103444739e-01 1.164782594872764913e-16 -9.511171675651558521e-01 -3.088302665912706635e-01 -6.358820819143871095e-01 0.000000000000000000e+00 0.000000000000000000e+00 0.000000000000000000e+00 1.000000000000000000e+00
4.810514916898046313e-03 3.164608115022047308e-01 -9.485933869311975464e-01 2.711420706279466408e+00 9.999884294061778256e-01 -1.522357068920203319e-03 4.563275437709991833e-03 -2.508038839173340473e-01 1.161705296617766024e-16 -9.486043628469779110e-01 -3.164644731840831060e-01 -6.263802014866678425e-01 0.000000000000000000e+00 0.000000000000000000e+00 0.000000000000000000e+00 1.000000000000000000e+00
8.666884500623346296e-03 3.239341266972531885e-01 -9.460399392594062151e-01 2.709690321960487758e+00 9.999624418512191859e-01 -2.807605110345725522e-03 8.199526845587236032e-03 -2.630424628248804186e-01 1.158608298662448092e-16 -9.460754721027453407e-01 -3.239462935203422100e-01 -6.179225706867053081e-01 0.000000000000000000e+00 0.000000000000000000e+00 0.000000000000000000e+00 1.000000000000000000e+00
1.309745086514303367e-02 3.312503885817317806e-01 -9.434519790881180645e-01 2.707381497734222098e+00 9.999142247117175364e-01 -4.338907859581147067e-03 1.235787594009993794e-02 -2.748295946485053154e-01 1.155494559218425393e-16 -9.435329108955542443e-01 -3.312788041166567221e-01 -6.104720565281264166e-01 0.000000000000000000e+00 0.000000000000000000e+00 0.000000000000000000e+00 1.000000000000000000e+00
1.807968757995889741e-02 3.384085887272575977e-01 -9.408255693658824637e-01 2.704514405023343837e+00 9.998365490904057573e-01 -6.119321767272470000e-03 1.701261308845602657e-02 -2.861794923037302429e-01 1.152367377575965832e-16 -9.409793733003580796e-01 -3.384639109613690744e-01 -6.039915260245587447e-01 0.000000000000000000e+00 0.000000000000000000e+00 0.000000000000000000e+00 1.000000000000000000e+00
2.359233663485136787e-02 3.454062759556768558e-01 -9.381566533274379172e-01 2.701109215250522055e+00 9.997216620900578610e-01 -8.151209928871689173e-03 2.213946983528768814e-02 -2.971063687060766512e-01 1.149230416988546532e-16 -9.384178505906237699e-01 -3.455024423833696900e-01 -5.984438461896293138e-01 0.000000000000000000e+00 0.000000000000000000e+00 0.000000000000000000e+00 1.000000000000000000e+00
2.961514978750937055e-02 3.522396654223906576e-01 -9.354411584948493230e-01 2.697186099838429385e+00 9.995613752556985476e-01 -1.043620803166554235e-02 2.771538668062229968e-02 -3.076244367710660454e-01 1.146087722975846536e-16 -9.358516461838608524e-01 -3.523942342532833116e-01 -5.937918840369654783e-01 0.000000000000000000e+00 0.000000000000000000e+00 0.000000000000000000e+00 1.000000000000000000e+00
3.612865012128289172e-02 3.589037444890688655e-01 -9.326750896384758960e-01 2.692765230209735350e+00 9.993471472118254928e-01 -1.297517869345085617e-02 3.371830507986860181e-02 -3.177479094142198202e-01 1.142943737175772309e-16 -9.332843869526578073e-01 -3.591382088700696973e-01 -5.899985065801935935e-01 0.000000000000000000e+00 0.000000000000000000e+00 0.000000000000000000e+00 1.000000000000000000e+00
4.311391182026470120e-02 3.653923771572297197e-01 -9.298546130029915480e-01 2.687866777787113470e+00 9.990701630053588911e-01 -1.576815654384535609e-02 4.012698134241282633e-02 -3.274909995510597582e-01 1.139803306767761409e-16 -9.307200309193939258e-01 -3.657324487181885520e-01 -5.870265808329417911e-01 0.000000000000000000e+00 0.000000000000000000e+00 0.000000000000000000e+00 1.000000000000000000e+00
5.055235658980303248e-02 3.716984086564488199e-01 -9.269761335900082999e-01 2.682510913993234603e+00 9.987214122282637163e-01 -1.881428621455090086e-02 4.692082044273695324e-02 -3.368679200971070875e-01 1.136671689409550954e-16 -9.281628712874161469e-01 -3.721742661220674431e-01 -5.848389738088367595e-01 0.000000000000000000e+00 0.000000000000000000e+00 0.000000000000000000e+00 1.000000000000000000e+00
5.842556553792205981e-02 3.778137715866617952e-01 -9.240363668660643848e-01 2.676717810250770047e+00 9.982917676168495680e-01 -2.211175528939957058e-02 5.407972805449133558e-02 -3.458928839678835354e-01 1.133554553574759054e-16 -9.256175367166957768e-01 -3.784602696750565820e-01 -5.833985525215055201e-01 0.000000000000000000e+00 0.000000000000000000e+00 0.000000000000000000e+00 1.000000000000000000e+00
6.671510568669968000e-02 3.837295948033548898e-01 -9.210324059148330411e-01 2.670507637982391103e+00 9.977720654905170017e-01 -2.565772420160371270e-02 6.158397937436283637e-02 -3.545801040789104408e-01 1.130457974146707650e-16 -9.230889877259113030e-01 -3.845864281785727479e-01 -5.826681839845753164e-01 0.000000000000000000e+00 0.000000000000000000e+00 0.000000000000000000e+00 1.000000000000000000e+00
7.540237060185547846e-02 3.894363160067680352e-01 -9.179617847615973991e-01 2.663900568610768183e+00 9.971531890876248472e-01 -2.944825503915940793e-02 6.941410352030905062e-02 -3.629437933457094756e-01 1.127388423113286256e-16 -9.205825090942286737e-01 -3.905481326927254249e-01 -5.826107352116735028e-01 0.000000000000000000e+00 0.000000000000000000e+00 0.000000000000000000e+00 1.000000000000000000e+00
8.446843491251551650e-02 3.949237987510230696e-01 -9.148225383556592982e-01 2.656916773558572586e+00 9.964261555697091488e-01 -3.347824121611019110e-02 7.755078246959092036e-02 -3.709981646838018121e-01 1.124352755217029504e-16 -9.181036981436996314e-01 -3.963402571716159173e-01 -5.831890732164265456e-01 0.000000000000000000e+00 0.000000000000000000e+00 0.000000000000000000e+00 1.000000000000000000e+00
9.389392273958369062e-02 4.001814543262066648e-01 -9.116132594943622269e-01 2.649576424248478279e+00 9.955822071896289760e-01 -3.774133997471303820e-02 8.597476364806151683e-02 -3.787574310087093998e-01 1.121358188442809797e-16 -9.156584488062541327e-01 -4.019572180341144940e-01 -5.843660650124625766e-01 0.000000000000000000e+00 0.000000000000000000e+00 0.000000000000000000e+00 1.000000000000000000e+00
1.036588902579570481e-01 4.051983686865352485e-01 -9.083331528047731140e-01 2.641899692103153452e+00 9.946129068489353298e-01 -4.222990968963981351e-02 9.466678539549151783e-02 -3.862358052359534666e-01 1.118412279271519443e-16 -9.132529314167984191e-01 -4.073930329038832343e-01 -5.861045776134080620e-01 0.000000000000000000e+00 0.000000000000000000e+00 0.000000000000000000e+00 1.000000000000000000e+00
1.137427227820551057e-01 4.099634343026887784e-01 -9.049820857612980163e-01 2.633906748545271626e+00 9.935102380016647139e-01 -4.693495393913772046e-02 1.036075146145609416e-01 -3.934475002810555178e-01 1.115522892690525195e-16 -9.108935682248920918e-01 -4.126413786407319706e-01 -5.883674780328903564e-01 0.000000000000000000e+00 0.000000000000000000e+00 0.000000000000000000e+00 1.000000000000000000e+00
1.241240468825384469e-01 4.144654865094233864e-01 -9.015606366063284582e-01 2.625617764997503212e+00 9.922667085947716181e-01 -5.184607427930868623e-02 1.127774959658309067e-01 -4.004067290595372253e-01 1.112698167028888324e-16 -9.085870046805266664e-01 -4.176956486793567125e-01 -5.911176332845363701e-01 0.000000000000000000e+00 0.000000000000000000e+00 0.000000000000000000e+00 1.000000000000000000e+00
1.347806581113686064e-01 4.186934436053259545e-01 -8.980701389540686197e-01 2.617052912882520843e+00 9.908754584704712043e-01 -5.695143359706354019e-02 1.221571119999686761e-01 -4.071277044869200390e-01 1.109946473775436982e-16 -9.063400766230924610e-01 -4.225490095916057953e-01 -5.943179103819736797e-01 0.000000000000000000e+00 0.000000000000000000e+00 0.000000000000000000e+00 1.000000000000000000e+00
1.456894649294938893e-01 4.226364496463848597e-01 -8.945127227931733982e-01 2.608232363622994487e+00 9.893303693956624345e-01 -6.223773181681999805e-02 1.317265536243160950e-01 -4.136246394787254643e-01 1.107276372638203777e-16 -9.041597735846227391e-01 -4.271944566955471201e-01 -5.979311763388290846e-01 0.000000000000000000e+00 0.000000000000000000e+00 0.000000000000000000e+00 1.000000000000000000e+00
1.568264493940607629e-01 4.262840185666099124e-01 -8.908913515604213185e-01 2.599176288641595889e+00 9.876261766328654490e-01 -6.769019558914002310e-02 1.414658002863302400e-01 -4.199117469504750066e-01 1.104696562211616722e-16 -9.020531985064995650e-01 -4.316248684496687416e-01 -6.019202981687300502e-01 0.000000000000000000e+00 0.000000000000000000e+00 0.000000000000000000e+00 1.000000000000000000e+00
1.681666450688529824e-01 4.296261779663687608e-01 -8.872098549341617124e-01 2.589904859360995903e+00 9.857585807317562621e-01 -7.329258339169190950e-02 1.513546092244483221e-01 -4.260032398176900048e-01 1.102215826729659802e-16 -9.000275242601094572e-01 -4.358330592947465276e-01 -6.062481428853031540e-01 0.000000000000000000e+00 0.000000000000000000e+00 0.000000000000000000e+00 1.000000000000000000e+00
1.796841324727965206e-01 4.326536106424931361e-01 -8.834729569916174308e-01 2.580438247203866720e+00 9.837243580076172611e-01 -7.902720722192119185e-02 1.613725130906902838e-01 -4.319133309958920197e-01 1.099842979495130151e-16 -8.980899474533258209e-01 -4.398118305403829198e-01 -6.108775775021759724e-01 0.000000000000000000e+00 0.000000000000000000e+00 0.000000000000000000e+00 1.000000000000000000e+00
1.913520521788085738e-01 4.353577917042801282e-01 -8.796862993870776526e-01 2.570796623592879193e+00 9.815214679908730311e-01 -8.487497175703428987e-02 1.714988251921397699e-01 -4.376562334006026678e-01 1.097586803682813024e-16 -8.962476400926338016e-01 -4.435540188391767780e-01 -6.157714690329754159e-01 0.000000000000000000e+00 0.000000000000000000e+00 0.000000000000000000e+00 1.000000000000000000e+00
2.031426354231150033e-01 4.377311189370485800e-01 -8.758564592371690383e-01 2.561000159950705513e+00 9.791491559886835727e-01 -9.081543150368467932e-02 1.817126515338108594e-01 -4.432461599473435654e-01 1.095455991313472722e-16 -8.945076997516114847e-01 -4.470525417499390253e-01 -6.208926844913290610e-01 0.000000000000000000e+00 0.000000000000000000e+00 0.000000000000000000e+00 1.000000000000000000e+00
2.150272517898078606e-01 4.397670339502119385e-01 -8.719909614430391143e-01 2.551069027700016090e+00 9.766080488034709628e-01 -9.682686606354029557e-02 1.919929087768364739e-01 -4.486973235516361069e-01 1.093459081281376588e-16 -8.928770989665635316e-01 -4.503004398632690641e-01 -6.262040908908634851e-01 0.000000000000000000e+00 0.000000000000000000e+00 0.000000000000000000e+00 1.000000000000000000e+00
2.269764732056570589e-01 4.414601315888935229e-01 -8.680982852353980039e-01 2.541023398263483113e+00 9.739002416115941640e-01 -1.028863732112245272e-01 2.023183471569471314e-01 -4.540239371290016313e-01 1.091604397386341143e-16 -8.913626346358465291e-01 -4.532909149487142075e-01 -6.316685552452062646e-01 0.000000000000000000e+00 0.000000000000000000e+00 0.000000000000000000e+00 1.000000000000000000e+00
2.389601531270773571e-01 4.428062551041068717e-01 -8.641878647945482328e-01 2.530883443063777438e+00 9.710293740240218963e-01 -1.089699790304049926e-01 2.126675773422675442e-01 -4.592402135949619213e-01 1.089899987367887465e-16 -8.899708782374790017e-01 -4.560173635830221950e-01 -6.372489445679844211e-01 0.000000000000000000e+00 0.000000000000000000e+00 0.000000000000000000e+00 1.000000000000000000e+00
2.509475194377350227e-01 4.438025746709715613e-01 -8.602700838710273246e-01 2.520669333523571698e+00 9.680006934336604640e-01 -1.150527638970053196e-01 2.230191001497681957e-01 -4.643603658650383714e-01 1.088353563960622878e-16 -8.887081276972078614e-01 -4.584734057335532187e-01 -6.429081258728250869e-01 0.000000000000000000e+00 0.000000000000000000e+00 0.000000000000000000e+00 1.000000000000000000e+00
2.629072792161585848e-01 4.444476470187433415e-01 -8.563562644102391541e-01 2.510401241065534084e+00 9.648211039022501767e-01 -1.211090026525370456e-01 2.333513379892023509e-01 -4.693986068547522650e-01 1.086972448983698039e-16 -8.875803617340857210e-01 -4.606529077993426480e-01 -6.486089661733550615e-01 0.000000000000000000e+00 0.000000000000000000e+00 0.000000000000000000e+00 1.000000000000000000e+00
2.748077331933678202e-01 4.447414541884235906e-01 -8.524586492631118784e-01 2.500099337112339448e+00 9.614991990517323117e-01 -1.271123168934296943e-01 2.436426668645324811e-01 -4.743691494796254959e-01 1.085763521441453853e-16 -8.865931974814327265e-01 -4.625499996537124070e-01 -6.543143324832019214e-01 0.000000000000000000e+00 0.000000000000000000e+00 0.000000000000000000e+00 1.000000000000000000e+00
2.866168974166343753e-01 4.446854197574029999e-01 -8.485903791408696550e-01 2.489783793086657315e+00 9.580452776958208183e-01 -1.330358369322782730e-01 2.538714477377591594e-01 -4.792862066551793476e-01 1.084733170546515808e-16 -8.857518521272821355e-01 -4.641590852855186911e-01 -6.599870918159927990e-01 0.000000000000000000e+00 0.000000000000000000e+00 0.000000000000000000e+00 1.000000000000000000e+00
2.983026293819495134e-01 4.442824012562312519e-01 -8.447654640418323924e-01 2.479474780411159429e+00 9.544713412689849186e-01 -1.388523706816157388e-01 2.640160560501575437e-01 -4.841639912969352699e-01 1.083887254481231410e-16 -8.850611092405384905e-01 -4.654748466994834688e-01 -6.655901111853544938e-01 0.000000000000000000e+00 0.000000000000000000e+00 0.000000000000000000e+00 1.000000000000000000e+00
3.098327557080116090e-01 4.435366579370088047e-01 -8.409987494381002682e-01 2.469192470508517534e+00 9.507910724709079942e-01 -1.445345764858870785e-01 2.740549082021077054e-01 -4.890167163204150458e-01 1.083231065590184840e-16 -8.845252903485090190e-01 -4.664922408078037153e-01 -6.710862576049146933e-01 0.000000000000000000e+00 0.000000000000000000e+00 0.000000000000000000e+00 1.000000000000000000e+00
3.211751983094996432e-01 4.424537935198664118e-01 -8.373058775565432876e-01 2.458957034801402042e+00 9.470197949308417629e-01 -1.500551367956473869e-01 2.839664838152312076e-01 -4.938585946411397920e-01 1.082769302548495193e-16 -8.841482322105943537e-01 -4.672064891232580175e-01 -6.764383980882997527e-01 0.000000000000000000e+00 0.000000000000000000e+00 0.000000000000000000e+00 1.000000000000000000e+00
3.322980959949797808e-01 4.410406740253085545e-01 -8.337032441183209741e-01 2.448788644712485141e+00 9.431744140921715092e-01 -1.553869295489924418e-01 2.937293426391467399e-01 -4.987038391746313470e-01 1.082506049881554491e-16 -8.839332700948856480e-01 -4.676130601462730740e-01 -6.816093996491375817e-01 0.000000000000000000e+00 0.000000000000000000e+00 0.000000000000000000e+00 1.000000000000000000e+00
3.431699184692111326e-01 4.393053212764553295e-01 -8.302079509111107702e-01 2.438707471664438131e+00 9.392733399058204036e-01 -1.605031942039873427e-01 3.033221350189961862e-01 -5.035666628364110498e-01 1.082444765026460710e-16 -8.838832272130224821e-01 -4.677076444227659668e-01 -6.865621293010549797e-01 0.000000000000000000e+00 0.000000000000000000e+00 0.000000000000000000e+00 1.000000000000000000e+00
3.537595698612207018e-01 4.372567831069905653e-01 -8.268377545555901653e-01 2.428733687079932313e+00 9.353363922844037948e-01 -1.653776895529965874e-01 3.127236049077660729e-01 -5.084612785420005165e-01 1.082588272928865386e-16 -8.840004103081847697e-01 -4.674861223340871508e-01 -6.912594540576790791e-01 0.000000000000000000e+00 0.000000000000000000e+00 0.000000000000000000e+00 1.000000000000000000e+00
3.640364791247108212e-01 4.349049817197778722e-01 -8.236110117900340422e-01 2.418887462381639430e+00 9.313846905905656115e-01 -1.699848407414527585e-01 3.219125844878062415e-01 -5.134018992069212528e-01 1.082938767966683778e-16 -8.842866112259207823e-01 -4.669445247634640972e-01 -6.956642409326372345e-01 0.000000000000000000e+00 0.000000000000000000e+00 0.000000000000000000e+00 1.000000000000000000e+00
3.739706749588860291e-01 4.322605419916668024e-01 -8.205466215321745027e-01 2.409188968992230340e+00 9.274405286975522245e-01 -1.742998733015624357e-01 3.308679795572005422e-01 -5.184027377466946529e-01 1.083497822789512546e-16 -8.847431141320795112e-01 -4.660789868636754929e-01 -6.997393569395561341e-01 0.000000000000000000e+00 0.000000000000000000e+00 0.000000000000000000e+00 1.000000000000000000e+00
3.835328432652842512e-01 4.293346017995108288e-01 -8.176639638840044189e-01 2.399658378334375897e+00 9.235272373551561831e-01 -1.782989324840139334e-01 3.395687449371837530e-01 -5.234780070768422222e-01 1.084266403464610731e-16 -8.853707078804429198e-01 -4.648856952276370635e-01 -7.034476690920633546e-01 0.000000000000000000e+00 0.000000000000000000e+00 0.000000000000000000e+00 1.000000000000000000e+00
3.926943655769471464e-01 4.261386066424228125e-01 -8.149828361217021921e-01 2.390315861830748734e+00 9.196690357101945379e-01 -1.819591867133636409e-01 3.479938492653171234e-01 -5.286419201128854661e-01 1.085244890131306604e-16 -8.861697028783289687e-01 -4.633608288370243966e-01 -7.067520444037859173e-01 0.000000000000000000e+00 0.000000000000000000e+00 0.000000000000000000e+00 1.000000000000000000e+00
4.014273373561236813e-01 4.226840909522482370e-01 -8.125233855582522091e-01 2.381181590904019707e+00 9.158908738617134171e-01 -1.852589145891777311e-01 3.561222286548072491e-01 -5.339086897703460011e-01 1.086433102189119303e-16 -8.871399516542535224e-01 -4.615004942347176176e-01 -7.096153498883506217e-01 0.000000000000000000e+00 0.000000000000000000e+00 0.000000000000000000e+00 1.000000000000000000e+00
4.097045655411210574e-01 4.189824485195938197e-01 -8.103060389798950602e-01 2.372275736976859672e+00 9.122182682750664684e-01 -1.881775754882315799e-01 3.639327288230748136e-01 -5.392925289647452214e-01 1.087830326883207071e-16 -8.882808721997207391e-01 -4.593006554361786509e-01 -7.120004525593852662e-01 0.000000000000000000e+00 0.000000000000000000e+00 0.000000000000000000e+00 1.000000000000000000e+00
4.174995452180081390e-01 4.150446944232374924e-01 -8.083514281387012002e-01 2.363618471471940374e+00 9.086771317375363921e-01 -1.906958644766460764e-01 3.714040354233490437e-01 -5.448076506116048545e-01 1.089435350005252515e-16 -8.895914730383975844e-01 -4.567570591653444256e-01 -7.138702194305164284e-01 0.000000000000000000e+00 0.000000000000000000e+00 0.000000000000000000e+00 1.000000000000000000e+00
4.247864157862986101e-01 4.108812207479800582e-01 -8.066803105320466960e-01 2.355229965811933557e+00 9.052935993165034390e-01 -1.927957528996212255e-01 3.785145924537630102e-01 -5.504682676264460728e-01 1.091246487298846877e-16 -8.910703788705569561e-01 -4.538651560755485592e-01 -7.151875175153716846e-01 0.000000000000000000e+00 0.000000000000000000e+00 0.000000000000000000e+00 1.000000000000000000e+00
4.315404011594907163e-01 4.065017857359208286e-01 -8.053130946163816750e-01 2.347130391419510520e+00 9.020936105344642408e-01 -1.944609092005386286e-01 3.852428748540251413e-01 -5.562885929247907146e-01 1.093261377884155823e-16 -8.927156618915159658e-01 -4.506204023494637112e-01 -7.159152138275777233e-01 0.000000000000000000e+00 0.000000000000000000e+00 0.000000000000000000e+00 1.000000000000000000e+00
4.377597160048339320e-01 4.019256240466076990e-01 -8.042525870509290575e-01 2.339339919717342564e+00 8.990920036588953002e-01 -1.956939293439213523e-01 3.915832669746872607e-01 -5.622828394221600634e-01 1.095466706888394273e-16 -8.945164496825540601e-01 -4.470350335793815133e-01 -7.160161753807623430e-01 0.000000000000000000e+00 0.000000000000000000e+00 0.000000000000000000e+00 1.000000000000000000e+00
4.434736488938105237e-01 3.971851578638289637e-01 -8.034768653231371127e-01 2.331878722128099657e+00 8.962874107878616714e-01 -1.965230674047996340e-01 3.975519604290731479e-01 -5.684652200340755135e-01 1.097834644851239085e-16 -8.964500177647909407e-01 -4.431448585389501926e-01 -7.154532691885516771e-01 0.000000000000000000e+00 0.000000000000000000e+00 0.000000000000000000e+00 1.000000000000000000e+00
4.487133744460493623e-01 3.923125178988570161e-01 -8.029615158232046301e-01 2.324766970074455319e+00 8.936757284346706909e-01 -1.969795845884279306e-01 4.031658909954200509e-01 -5.748499476760590143e-01 1.100336754041405678e-16 -8.984931449684129268e-01 -4.389875493049553712e-01 -7.141893622645737461e-01 0.000000000000000000e+00 0.000000000000000000e+00 0.000000000000000000e+00 1.000000000000000000e+00
4.535096451396301021e-01 3.873388455257918417e-01 -8.026815187308560251e-01 2.318024834979079518e+00 8.912513684507454848e-01 -1.970958010292284956e-01 4.084412362278324604e-01 -5.814512352636316272e-01 1.102945125747432662e-16 -9.006230421010743559e-01 -4.346011229122704878e-01 -7.121873216224552383e-01 0.000000000000000000e+00 0.000000000000000000e+00 0.000000000000000000e+00 1.000000000000000000e+00
4.578927883098934393e-01 3.822946417771029837e-01 -8.026113637884201291e-01 2.311672488264644443e+00 8.890074208991682880e-01 -1.969049474324958693e-01 4.133935742882501319e-01 -5.882832957123151907e-01 1.105632432886365348e-16 -9.028173949061474302e-01 -4.300241289217123231e-01 -7.094100142758237304e-01 0.000000000000000000e+00 0.000000000000000000e+00 0.000000000000000000e+00 1.000000000000000000e+00
4.618927140885210059e-01 3.772100770693693761e-01 -8.027251574662775946e-01 2.305730101353821837e+00 8.869358041436481432e-01 -1.964410337987581023e-01 4.180380360303777021e-01 -5.953603419376307659e-01 1.108371981482119157e-16 -9.050544060979957006e-01 -4.252958052962718116e-01 -7.058203072383059107e-01 0.000000000000000000e+00 0.000000000000000000e+00 0.000000000000000000e+00 1.000000000000000000e+00
4.655386497569040660e-01 3.721136463930564964e-01 -8.029976337141859766e-01 2.300216354030839128e+00 8.850275507477257664e-01 -1.957377308215810241e-01 4.223896011389245420e-01 -6.026950196867878473e-01 1.111138835192361325e-16 -9.073137136078577303e-01 -4.204543079802113281e-01 -7.013875374334855861e-01 0.000000000000000000e+00 0.000000000000000000e+00 0.000000000000000000e+00 1.000000000000000000e+00
4.688560768422184166e-01 3.670141510358252424e-01 -8.034143340441320946e-01 2.295131759899864843e+00 8.832745774718775422e-01 -1.948168999641711752e-01 4.264650000647489669e-01 -6.102808886731772020e-01 1.113921783407804503e-16 -9.095861632785553486e-01 -4.155153566021325684e-01 -6.961598367166937917e-01 0.000000000000000000e+00 0.000000000000000000e+00 0.000000000000000000e+00 1.000000000000000000e+00
4.718680761047914785e-01 3.619067078819042660e-01 -8.039676943405404952e-01 2.290464707981860304e+00 8.816691662710920419e-01 -1.936919521637716912e-01 4.302823595196815787e-01 -6.180987700925559825e-01 1.116718720760261950e-16 -9.118700359464989580e-01 -4.104790342306544604e-01 -6.902379267393974338e-01 0.000000000000000000e+00 0.000000000000000000e+00 0.000000000000000000e+00 1.000000000000000000e+00
4.745976063893384556e-01 3.567855077051129142e-01 -8.046497458528868441e-01 2.286203366247188562e+00 8.802028811640589812e-01 -1.923755892815470214e-01 4.338600242463771517e-01 -6.261292528970697768e-01 1.119527959724776876e-16 -9.141639536429897461e-01 -4.053446260403826273e-01 -6.837234879494137330e-01 0.000000000000000000e+00 0.000000000000000000e+00 0.000000000000000000e+00 1.000000000000000000e+00
4.770675171949219084e-01 3.516441376161447141e-01 -8.054520373788066623e-01 2.282335902666208671e+00 8.788666474713172638e-01 -1.908799203512367704e-01 4.372165046853018766e-01 -6.343529260388637292e-01 1.122348040263823972e-16 -9.164667241569131040e-01 -4.001109140139726406e-01 -6.767182007945594657e-01 0.000000000000000000e+00 0.000000000000000000e+00 0.000000000000000000e+00 1.000000000000000000e+00
4.793005278115696766e-01 3.464756577186089426e-01 -8.063656879158538349e-01 2.278850485209281018e+00 8.776508440373943509e-01 -1.892164369767464216e-01 4.403704530713593024e-01 -6.427503784700830947e-01 1.125177700628210953e-16 -9.187773171918658388e-01 -3.947761915487276729e-01 -6.693237457226508536e-01 0.000000000000000000e+00 0.000000000000000000e+00 0.000000000000000000e+00 1.000000000000000000e+00
4.813192141411152813e-01 3.412726691395376877e-01 -8.073814336464240071e-01 2.275735281846766878e+00 8.765453862171536104e-01 -1.873959928384008322e-01 4.433406452938089548e-01 -6.513021991428731283e-01 1.128015849439587932e-16 -9.210948415697950420e-01 -3.893382755824481567e-01 -6.616418031815053391e-01 0.000000000000000000e+00 0.000000000000000000e+00 0.000000000000000000e+00 1.000000000000000000e+00
4.831460021418454986e-01 3.360273735586540855e-01 -8.084896689714869966e-01 2.272978460549025304e+00 8.755397995604492500e-01 -1.854287860204567040e-01 4.461459679304833892e-01 -6.599889770093788632e-01 1.130861539071902550e-16 -9.234185234953068422e-01 -3.837945159401676132e-01 -6.537740536189393659e-01 0.000000000000000000e+00 0.000000000000000000e+00 0.000000000000000000e+00 1.000000000000000000e+00
4.848031669795953569e-01 3.307316244623816348e-01 -8.096804813425039216e-01 2.270568189286418015e+00 8.746232842124400664e-01 -1.833243430101997029e-01 4.488054099198494074e-01 -6.687913010217457765e-01 1.133713940283505582e-16 -9.257476858412085896e-01 -3.781418016560020301e-01 -6.458221774827698214e-01 0.000000000000000000e+00 0.000000000000000000e+00 0.000000000000000000e+00 1.000000000000000000e+00
4.863128371040049691e-01 3.253769704277792996e-01 -8.109436796615986376e-01 2.268492636029306286e+00 8.737847701052321447e-01 -1.810915033435322175e-01 4.513380583874197494e-01 -6.776897601321194564e-01 1.136572317993994534e-16 -9.280817283688003183e-01 -3.723765640691966139e-01 -6.378878552208134822e-01 0.000000000000000000e+00 0.000000000000000000e+00 0.000000000000000000e+00 1.000000000000000000e+00
4.876970025951927745e-01 3.199546908031352110e-01 -8.122688160287422354e-01 2.266739968748049172e+00 8.730129630536217489e-01 -1.787384039810372971e-01 4.537630981940323216e-01 -6.866649432926447139e-01 1.139436008048955891e-16 -9.304201087548471527e-01 -3.664947765311510897e-01 -6.300727672808872359e-01 0.000000000000000000e+00 0.000000000000000000e+00 0.000000000000000000e+00 1.000000000000000000e+00
4.889775272414437768e-01 3.144558242003216431e-01 -8.136452006122443237e-01 2.265298355413007503e+00 8.722963818868235686e-01 -1.762724625906945675e-01 4.560998148205818170e-01 -6.956974394554669150e-01 1.142304394770117493e-16 -9.327623242598881426e-01 -3.604919505915372691e-01 -6.224785941108078591e-01 0.000000000000000000e+00 0.000000000000000000e+00 0.000000000000000000e+00 1.000000000000000000e+00
4.901761639115879698e-01 3.088711902532325637e-01 -8.150619094059491365e-01 2.264155963994542553e+00 8.716233867519388445e-01 -1.737003589879857202e-01 4.583676002451797515e-01 -7.047678375727314259e-01 1.145176889046690312e-16 -9.351078938384578265e-01 -3.543631285574215806e-01 -6.152070161583921282e-01 0.000000000000000000e+00 0.000000000000000000e+00 0.000000000000000000e+00 1.000000000000000000e+00
4.913145728759889530e-01 3.031914051303729596e-01 -8.165077846136892248e-01 2.263300962463014709e+00 8.709821987157283507e-01 -1.710280140408683980e-01 4.605859615029012089e-01 -7.138567265965833908e-01 1.148052906684502573e-16 -9.374563404598140748e-01 -3.481028723404813174e-01 -6.083597138714569308e-01 0.000000000000000000e+00 0.000000000000000000e+00 0.000000000000000000e+00 1.000000000000000000e+00
4.924143428072304540e-01 2.974068913213838150e-01 -8.179714273691189863e-01 2.262721518788783914e+00 8.703609107707694914e-01 -1.682605653862262740e-01 4.627745316438493517e-01 -7.229446954791683977e-01 1.150931846691598528e-16 -9.398071733767826563e-01 -3.417052485250144933e-01 -6.020383676978189325e-01 0.000000000000000000e+00 0.000000000000000000e+00 0.000000000000000000e+00 1.000000000000000000e+00
4.934970142556667216e-01 2.915078822502045752e-01 -8.194411824571323777e-01 2.262405800942211442e+00 8.697474903216119158e-01 -1.654023393264095199e-01 4.649530828208465749e-01 -7.320123331726313687e-01 1.153813069140986332e-16 -9.421598700493203360e-01 -3.351638096045691517e-01 -5.963446580852950207e-01 0.000000000000000000e+00 0.000000000000000000e+00 0.000000000000000000e+00 1.000000000000000000e+00
4.945841054460475283e-01 2.854844223049072816e-01 -8.209051146517276631e-01 2.262341976893656348e+00 8.691297731870268883e-01 -1.624568182800824601e-01 4.671415412422442182e-01 -7.410402286291175589e-01 1.156695872211935208e-16 -9.445138573973098639e-01 -3.284715713489591016e-01 -5.913802654817018611e-01 0.000000000000000000e+00 0.000000000000000000e+00 0.000000000000000000e+00 1.000000000000000000e+00
4.956971402795102843e-01 2.793263629192300201e-01 -8.223509762242823262e-01 2.262518214613481238e+00 8.684954491065082216e-01 -1.594266031516748117e-01 4.693600037165533423e-01 -7.500089708007724454e-01 1.159579467969398367e-16 -9.468684920229594182e-01 -3.216209862775857853e-01 -5.872468703348564523e-01 0.000000000000000000e+00 0.000000000000000000e+00 0.000000000000000000e+00 1.000000000000000000e+00
4.968576784503592747e-01 2.730233553969650395e-01 -8.237661651055485645e-01 2.262922682072045610e+00 8.678320386831309685e-01 -1.563133699593616532e-01 4.716287554921014258e-01 -7.588991486397413944e-01 1.162462956395584941e-16 -9.492230390059704925e-01 -3.146039132310177733e-01 -5.840461530925755707e-01 0.000000000000000000e+00 0.000000000000000000e+00 0.000000000000000000e+00 1.000000000000000000e+00
4.980873475990114096e-01 2.665648412414216573e-01 -8.251376731041416557e-01 2.263543547239710296e+00 8.671268616308581700e-01 -1.531178200239094456e-01 4.739682890545992566e-01 -7.676913510981693278e-01 1.165345297137225157e-16 -9.515766488334301831e-01 -3.074115830526538140e-01 -5.818797942026758818e-01 0.000000000000000000e+00 0.000000000000000000e+00 0.000000000000000000e+00 1.000000000000000000e+00
4.994078774208666194e-01 2.599400408424759057e-01 -8.264520234936789667e-01 2.264368978086834794e+00 8.663669961223042781e-01 -1.498396229714042960e-01 4.763993234858784898e-01 -7.763661671282015009e-01 1.168225278375572363e-16 -9.539283319802381866e-01 -3.000345604182967918e-01 -5.808494741129742733e-01 0.000000000000000000e+00 0.000000000000000000e+00 0.000000000000000000e+00 1.000000000000000000e+00
5.008413889393822371e-01 2.531401914866945879e-01 -8.276943557735246815e-01 2.265387598596899643e+00 8.655390823788781107e-01 -1.464787525851774241e-01 4.789426603632421231e-01 -7.849051883792392825e-01 1.171100489979577031e-16 -9.562761204250422864e-01 -2.924653509474754998e-01 -5.810499796308147280e-01 0.000000000000000000e+00 0.000000000000000000e+00 0.000000000000000000e+00 1.000000000000000000e+00
5.024139342645812523e-01 2.461901394371140972e-01 -8.288369284127724557e-01 2.266594813387051488e+00 8.646272252576743256e-01 -1.430551258606095610e-01 4.816170598185035567e-01 -7.933049159901068847e-01 1.173953886420044358e-16 -9.586060954369837184e-01 -2.847355857476555618e-01 -5.824735933838063318e-01 0.000000000000000000e+00 0.000000000000000000e+00 0.000000000000000000e+00 1.000000000000000000e+00
5.041546134377151711e-01 2.391419607988960194e-01 -8.298429058169547456e-01 2.267991225079989626e+00 8.636134122102712141e-01 -1.396047364465313467e-01 4.844402871481959805e-01 -8.015732806521804754e-01 1.176758540378520195e-16 -9.608962691919216148e-01 -2.769085767054646485e-01 -5.850340187219008614e-01 0.000000000000000000e+00 0.000000000000000000e+00 0.000000000000000000e+00 1.000000000000000000e+00
5.060927734548082979e-01 2.320504905068774548e-01 -8.306760346322372701e-01 2.269577568759476360e+00 8.624790459233314666e-01 -1.361645559706892716e-01 4.874311326130953970e-01 -8.097185043167474117e-01 1.179489231360659636e-16 -9.631260475933680620e-01 -2.690505834358613568e-01 -5.886429565550406195e-01 0.000000000000000000e+00 0.000000000000000000e+00 0.000000000000000000e+00 1.000000000000000000e+00
5.082579528705056804e-01 2.249726498831196853e-01 -8.313008842461616643e-01 2.271354579509269112e+00 8.612048846493399745e-01 -1.327722827861168575e-01 4.906094858233792655e-01 -8.177488089350940514e-01 1.182122843433417644e-16 -9.652765550495518987e-01 -2.612301136386641076e-01 -5.932121077931671316e-01 0.000000000000000000e+00 0.000000000000000000e+00 0.000000000000000000e+00 1.000000000000000000e+00
5.106798915418628848e-01 2.179673596490565857e-01 -8.316827992103781320e-01 2.273322992413128851e+00 8.597709278492678964e-01 -1.294665171613723909e-01 4.939963284876851546e-01 -8.256724164585070858e-01 1.184638425152081087e-16 -9.673306834075526828e-01 -2.535179459885968933e-01 -5.986531733462217009e-01 0.000000000000000000e+00 0.000000000000000000e+00 0.000000000000000000e+00 1.000000000000000000e+00
5.133885303718022097e-01 2.110953922032108299e-01 -8.317878048356166509e-01 2.275483542554815219e+00 8.581562893102172573e-01 -1.262869648820916235e-01 4.976136911482522684e-01 -8.334975488382727615e-01 1.187017196576774310e-16 -9.692730976827130807e-01 -2.459871177695247546e-01 -6.048778541241458528e-01 0.000000000000000000e+00 0.000000000000000000e+00 0.000000000000000000e+00 1.000000000000000000e+00
5.164139992876172203e-01 2.044191640344908134e-01 -8.315824593599895342e-01 2.277836965018086524e+00 8.563390574648389597e-01 -1.232746738687872795e-01 5.014845694961861389e-01 -8.412324280256778808e-01 1.189242494786138150e-16 -9.710901915671809048e-01 -2.387128816005033016e-01 -6.117978510368813350e-01 0.000000000000000000e+00 0.000000000000000000e+00 0.000000000000000000e+00 1.000000000000000000e+00
5.197865912665983190e-01 1.980024682506814904e-01 -8.310336467954159145e-01 2.280383994886703736e+00 8.542961427628303905e-01 -1.204723080003029245e-01 5.056327950851584596e-01 -8.488852759720094676e-01 1.191299649604409246e-16 -9.727699859533691651e-01 -2.317726352015741786e-01 -6.193248649943697837e-01 0.000000000000000000e+00 0.000000000000000000e+00 0.000000000000000000e+00 1.000000000000000000e+00
5.235367197358674618e-01 1.919101458259358239e-01 -8.301083055946831823e-01 2.283125367244426940e+00 8.520031121352832360e-01 -1.179244615409210939e-01 5.100828543306233920e-01 -8.564643146285539910e-01 1.193175781769615297e-16 -9.743019641257796293e-01 -2.252458272657855975e-01 -6.273705969065528354e-01 0.000000000000000000e+00 0.000000000000000000e+00 0.000000000000000000e+00 1.000000000000000000e+00
5.276948561238594682e-01 1.862076922295591297e-01 -8.287730896783276346e-01 2.286061817175014443e+00 8.494340108686603275e-01 -1.156780163061143368e-01 5.148596485675130952e-01 -8.639777659465979198e-01 1.194859516463320110e-16 -9.756768378402882469e-01 -2.192138410364999901e-01 -6.358467476833719045e-01 0.000000000000000000e+00 0.000000000000000000e+00 0.000000000000000000e+00 1.000000000000000000e+00
5.322914437257585396e-01 1.809607935325962258e-01 -8.269939601595652778e-01 2.289194079762226774e+00 8.465611725896408091e-01 -1.137825418481791806e-01 5.199881866294846500e-01 -8.714338518774278342e-01 1.196340605990129417e-16 -9.768862392185798660e-01 -2.137598550368603745e-01 -6.446650182347686275e-01 0.000000000000000000e+00 0.000000000000000000e+00 0.000000000000000000e+00 1.000000000000000000e+00
5.373559325742508497e-01 1.762339849617562404e-01 -8.247364332147312238e-01 2.292522890089823573e+00 8.433555606784467473e-01 -1.122899779829733269e-01 5.254924919704621056e-01 -8.788407943723305360e-01 1.197609739199574391e-16 -9.779225651293066424e-01 -2.089675970358015888e-01 -6.537371094706845298e-01 0.000000000000000000e+00 0.000000000000000000e+00 0.000000000000000000e+00 1.000000000000000000e+00
5.428751907090467732e-01 1.720511957409021353e-01 -8.220005555696066057e-01 2.296048983241564478e+00 8.398133883861438331e-01 -1.112179526919086642e-01 5.313605552601776694e-01 -8.862068153825928274e-01 1.198671470587231501e-16 -9.787895346003380181e-01 -2.048683649489443648e-01 -6.629747223010615809e-01 0.000000000000000000e+00 0.000000000000000000e+00 0.000000000000000000e+00 1.000000000000000000e+00
5.487744409270816082e-01 1.683778197129869314e-01 -8.188379099760035862e-01 2.299773094301208687e+00 8.359704617898703338e-01 -1.105319483175008083e-01 5.375277438569736610e-01 -8.935401368595009552e-01 1.199548633962000192e-16 -9.795057928515983336e-01 -2.014159918431547847e-01 -6.722895576358408620e-01 0.000000000000000000e+00 0.000000000000000000e+00 0.000000000000000000e+00 1.000000000000000000e+00
5.549731755626214902e-01 1.651736067512215855e-01 -8.153051294078386135e-01 2.303695958352516726e+00 8.318682434171530415e-01 -1.101940382785945721e-01 5.439232478226279088e-01 -9.008489807543419436e-01 1.200263172634461019e-16 -9.800892579559519202e-01 -1.985574134585550155e-01 -6.815933163849642318e-01 0.000000000000000000e+00 0.000000000000000000e+00 0.000000000000000000e+00 1.000000000000000000e+00
5.613899392729903015e-01 1.623975926936701286e-01 -8.114606324217885636e-01 2.307818310479247792e+00 8.275514099335872231e-01 -1.101664181898930339e-01 5.504743629090653734e-01 -9.081415690184020395e-01 1.200834962276459572e-16 -9.805561596311097583e-01 -1.962386756210140470e-01 -6.907976994583734376e-01 0.000000000000000000e+00 0.000000000000000000e+00 0.000000000000000000e+00 1.000000000000000000e+00
5.679424465498734698e-01 1.600085515473757547e-01 -8.073652462415352726e-01 2.312140885765161524e+00 8.230682701981314464e-01 -1.104108268112949376e-01 5.571068765649029864e-01 -9.154261236029684889e-01 1.201282202647053006e-16 -9.809213591081382688e-01 -1.944049568438082631e-01 -6.998144077660098938e-01 0.000000000000000000e+00 0.000000000000000000e+00 0.000000000000000000e+00 1.000000000000000000e+00
5.745477471616290410e-01 1.579654031280158799e-01 -8.030826966421953372e-01 2.316664419294017563e+00 8.184710662152309135e-01 -1.108880573095462480e-01 5.637454678439712819e-01 -9.227108664593270948e-01 1.201621773193951192e-16 -9.811986395020727558e-01 -1.930005954376353139e-01 -7.085551422178147929e-01 0.000000000000000000e+00 0.000000000000000000e+00 0.000000000000000000e+00 1.000000000000000000e+00
5.811224271975381495e-01 1.562275753587850369e-01 -7.986799542404686703e-01 2.321389646149575992e+00 8.138161491442903461e-01 -1.115575647929132608e-01 5.703141109331182346e-01 -9.300040195387653252e-01 1.201869550674554394e-16 -9.814009651691759650e-01 -1.919691265933402557e-01 -7.169316037237305483e-01 0.000000000000000000e+00 0.000000000000000000e+00 0.000000000000000000e+00 1.000000000000000000e+00
5.875828305372546856e-01 1.547553153804051285e-01 -7.942274294050408745e-01 2.326317301415595562e+00 8.091640237046058282e-01 -1.123771739573773132e-01 5.767364679951541007e-01 -9.373138047925692051e-01 1.202040687329161007e-16 -9.815407088526001411e-01 -1.912533316445370890e-01 -7.248554931936979084e-01 0.000000000000000000e+00 0.000000000000000000e+00 0.000000000000000000e+00 1.000000000000000000e+00
5.938452834758120025e-01 1.535099395975563219e-01 -7.897990109757589972e-01 2.331448120175836358e+00 8.045792560671275462e-01 -1.133028883223652777e-01 5.829362539800360121e-01 -9.446484441720254255e-01 1.202149848467521579e-16 -9.816298456865318878e-01 -1.907952988347348111e-01 -7.322385115376590647e-01 0.000000000000000000e+00 0.000000000000000000e+00 0.000000000000000000e+00 1.000000000000000000e+00
5.998263041162464893e-01 1.524540099487917688e-01 -7.854719471380107176e-01 2.336782837514059352e+00 8.001302424544669556e-01 -1.142888001018022015e-01 5.888375542380480665e-01 -9.520161596284211214e-01 1.202211408647441730e-16 -9.816801133881770669e-01 -1.905364925104269525e-01 -7.389923596655555427e-01 0.000000000000000000e+00 0.000000000000000000e+00 0.000000000000000000e+00 1.000000000000000000e+00
6.054427781914510920e-01 1.515514221379134496e-01 -7.813265698693430128e-01 2.342322188514022407e+00 7.958888379263885371e-01 -1.152870975010834714e-01 5.943650753652660601e-01 -9.594251731130425398e-01 1.202239605938248195e-16 -9.817031382234405745e-01 -1.904178258521201927e-01 -7.450287384873287566e-01 0.000000000000000000e+00 0.000000000000000000e+00 0.000000000000000000e+00 1.000000000000000000e+00
