4.456140525615527315e-01 -2.210077213462413315e-01 8.675158230631944134e-01 -9.393218179845449489e-01 -8.952251762320302397e-01 -1.100104744272376867e-01 4.318212354164908118e-01 -2.637977168242612525e+00 1.186741061501003696e-16 -9.690476162819019468e-01 -2.468738896245687431e-01 6.196026833231903508e-01 0.000000000000000000e+00 0.000000000000000000e+00 0.000000000000000000e+00 1.000000000000000000e+00
4.398951654510549480e-01 -2.245212074212212527e-01 8.695300287114332560e-01 -9.423335712313681833e-01 -8.980491319592648347e-01 -1.099781628543557849e-01 4.259255337290684951e-01 -2.618089723403763447e+00 1.185756022168578767e-16 -9.682432706263947031e-01 -2.500099375758936815e-01 6.502739128590649953e-01 0.000000000000000000e+00 0.000000000000000000e+00 0.000000000000000000e+00 1.000000000000000000e+00
4.347859427500480045e-01 -2.275594071270936047e-01 8.713081545669807415e-01 -9.441591252984481430e-01 -9.005338327830620937e-01 -1.098677559438568929e-01 4.206755189179768317e-01 -2.600326077296372773e+00 1.184902447544678162e-16 -9.675462740519580329e-01 -2.526939009318848739e-01 6.780601875487742847e-01 0.000000000000000000e+00 0.000000000000000000e+00 0.000000000000000000e+00 1.000000000000000000e+00
4.302888418693370243e-01 -2.301270583320939589e-01 8.728648518448670623e-01 -9.448560597908864933e-01 -9.026912609318563652e-01 -1.096954293213094900e-01 4.160713883737607865e-01 -2.584600331679448360e+00 1.184182447713692557e-16 -9.669583495732536615e-01 -2.549344037013627218e-01 7.030598097252909184e-01 0.000000000000000000e+00 0.000000000000000000e+00 0.000000000000000000e+00 1.000000000000000000e+00
4.264041271308044445e-01 -2.322300063753927335e-01 8.742132145562099277e-01 -9.444819543137866757e-01 -9.045327635668134469e-01 -1.094751203611500634e-01 4.121112442728236402e-01 -2.570826588312002503e+00 1.183597165410471655e-16 -9.664804303040992473e-01 -2.567402925900086341e-01 7.253710817215890394e-01 0.000000000000000000e+00 0.000000000000000000e+00 0.000000000000000000e+00 1.000000000000000000e+00
4.231299193952179349e-01 -2.338750838875826576e-01 8.753647905011786579e-01 -9.430943884722506887e-01 -9.060690212740949434e-01 -1.092185507620026530e-01 4.087911897984733423e-01 -2.558918948953042172e+00 1.183146828335572501e-16 -9.661127021761094502e-01 -2.581206049388075630e-01 7.450923058706419022e-01 0.000000000000000000e+00 0.000000000000000000e+00 0.000000000000000000e+00 1.000000000000000000e+00
4.204622406559114789e-01 -2.350700185540471887e-01 8.763296129651275690e-01 -9.407509418713805305e-01 -9.073100375189345757e-01 -1.089352730876173431e-01 4.061054076157024073e-01 -2.548791515361577442e+00 1.182830797783812716e-16 -9.658546436469238605e-01 -2.590845563627323656e-01 7.623217845054224284e-01 0.000000000000000000e+00 0.000000000000000000e+00 0.000000000000000000e+00 1.000000000000000000e+00
4.183950532637310538e-01 -2.358233680282548483e-01 8.771162514149707379e-01 -9.375091941162790876e-01 -9.082651481833042828e-01 -1.086327388256247417e-01 4.040462209336995736e-01 -2.540358389296616171e+00 1.182647613336237707e-16 -9.657050621939672341e-01 -2.596415468544010507e-01 7.771578199589046498e-01 0.000000000000000000e+00 0.000000000000000000e+00 0.000000000000000000e+00 1.000000000000000000e+00
4.169202939135957520e-01 -2.361444806151519193e-01 8.777318797890396596e-01 -9.334267248120472482e-01 -9.089430502088681196e-01 -1.083163859842691118e-01 4.026041380864159303e-01 -2.533533672517165769e+00 1.182595033700109660e-16 -9.656621276628316597e-01 -2.598011839805450807e-01 7.896987145640609329e-01 0.000000000000000000e+00 0.000000000000000000e+00 0.000000000000000000e+00 1.000000000000000000e+00
4.160279029563287989e-01 -2.360434798290164948e-01 8.781823612393773182e-01 -9.285611135637888980e-01 -9.093518482753304433e-01 -1.079897446802653566e-01 4.017678820937925499e-01 -2.528231466782238090e+00 1.182670074074389745e-16 -9.657234027785077668e-01 -2.595733216759769646e-01 8.000427706538653094e-01 0.000000000000000000e+00 0.000000000000000000e+00 0.000000000000000000e+00 1.000000000000000000e+00
4.157058499939489948e-01 -2.355312704724477901e-01 8.784723484040024566e-01 -9.229699399766058132e-01 -9.094991183507593613e-01 -1.076545595442159470e-01 4.015244071392577996e-01 -2.524365873850840103e+00 1.182869040668512192e-16 -9.658858713321029077e-01 -2.589681130197779568e-01 8.082882905612911451e-01 0.000000000000000000e+00 0.000000000000000000e+00 0.000000000000000000e+00 1.000000000000000000e+00
4.159401570654841507e-01 -2.346195634736635005e-01 8.786053984444711640e-01 -9.167107836556001033e-01 -9.093919868463435918e-01 -1.073109280633677415e-01 4.018589043157291263e-01 -2.521850995481981439e+00 1.183187563209099375e-16 -9.661459647245888016e-01 -2.579960752538567048e-01 8.145335766193114724e-01 0.000000000000000000e+00 0.000000000000000000e+00 0.000000000000000000e+00 1.000000000000000000e+00
4.167149210266697934e-01 -2.333209163519120166e-01 8.785841021703274523e-01 -9.098412242058743216e-01 -9.090372239868598214e-01 -1.069574541788651800e-01 4.027547993529556614e-01 -2.520600933434670843e+00 1.183620626431240328e-16 -9.664995876813813336e-01 -2.566681651699718736e-01 8.188769311608998791e-01 0.000000000000000000e+00 0.000000000000000000e+00 0.000000000000000000e+00 1.000000000000000000e+00
4.180123369636405961e-01 -2.316487858541046996e-01 8.784102265789686115e-01 -9.024188412325305775e-01 -9.084413498659095199e-01 -1.065914165443451467e-01 4.041937453411100223e-01 -2.520529789467916171e+00 1.184162601666051476e-16 -9.669421440455416850e-01 -2.549958628460684551e-01 8.214166565190293978e-01 0.000000000000000000e+00 0.000000000000000000e+00 0.000000000000000000e+00 1.000000000000000000e+00
4.198127246507461496e-01 -2.296175890231306749e-01 8.780848700624112046e-01 -8.945012143406714245e-01 -9.076107514905918938e-01 -1.062089508274573213e-01 4.061556137034350034e-01 -2.521551665340728388e+00 1.184807279701774650e-16 -9.674685636108987241e-01 -2.529912615579134605e-01 8.222510550266739493e-01 0.000000000000000000e+00 0.000000000000000000e+00 0.000000000000000000e+00 1.000000000000000000e+00
4.220945601589177198e-01 -2.272427687278652519e-01 8.776086293702585195e-01 -8.861459231353991939e-01 -9.065518089355124598e-01 -1.058052452932738835e-01 4.086184868360465128e-01 -2.523580662812115349e+00 1.185547906108514581e-16 -9.680733309668870801e-01 -2.506671615323313729e-01 8.214784290168062331e-01 0.000000000000000000e+00 0.000000000000000000e+00 0.000000000000000000e+00 1.000000000000000000e+00
4.248345147371050956e-01 -2.245408595191027978e-01 8.769817771735687328e-01 -8.774105472218157731e-01 -9.052710285257605793e-01 -1.053747486515703990e-01 4.115586559149618240e-01 -2.526530883641084468e+00 1.186377220173689146e-16 -9.687505172917539875e-01 -2.480371650518508331e-01 8.191970808223996148e-01 0.000000000000000000e+00 0.000000000000000000e+00 0.000000000000000000e+00 1.000000000000000000e+00
4.280075030196810459e-01 -2.215295495904013034e-01 8.762044487544738969e-01 -8.683526662050239375e-01 -9.037751807606013710e-01 -1.049113887874931900e-01 4.149506273568238646e-01 -2.530316429586648042e+00 1.187287498493580238e-16 -9.694938159477621831e-01 -2.451157702781414094e-01 8.155053127764283483e-01 0.000000000000000000e+00 0.000000000000000000e+00 0.000000000000000000e+00 1.000000000000000000e+00
4.315867424537212504e-01 -2.182277346361346237e-01 8.752768359632089323e-01 -8.590298596901259076e-01 -9.020714404847242074e-01 -1.044088005425103660e-01 4.187671412982267860e-01 -2.534851402407811705e+00 1.188270604104463376e-16 -9.702965825998024485e-01 -2.419184610465784646e-01 8.105014272118648000e-01 0.000000000000000000e+00 0.000000000000000000e+00 0.000000000000000000e+00 1.000000000000000000e+00
4.355438255904260925e-01 -2.146555595293322405e-01 8.741993861546722977e-01 -8.494997072822236817e-01 -9.001675266249369312e-01 -1.038605601917177296e-01 4.229792052177105410e-01 -2.540049903863585534e+00 1.189318041814865157e-16 -9.711518803976090242e-01 -2.384617898116763723e-01 8.042837264616825577e-01 0.000000000000000000e+00 0.000000000000000000e+00 0.000000000000000000e+00 1.000000000000000000e+00
4.398488065466033548e-01 -2.108344440059362057e-01 8.729730033627823849e-01 -8.398197885864200352e-01 -8.980718386518579122e-01 -1.032604237030052691e-01 4.275561454559472785e-01 -2.545826035712978719e+00 1.190421020121441329e-16 -9.720525305339129396e-01 -2.347634509088167565e-01 7.969505128588552090e-01 0.000000000000000000e+00 0.000000000000000000e+00 0.000000000000000000e+00 1.000000000000000000e+00
4.444703025209508773e-01 -2.067870889528452827e-01 8.715992485192620709e-01 -8.300476832078169664e-01 -8.957935868139124125e-01 -1.026025652976583769e-01 4.324656788895568926e-01 -2.552093899715000003e+00 1.191570519760920427e-16 -9.729911682213502333e-01 -2.308423413571526472e-01 7.886000887363558975e-01 0.000000000000000000e+00 0.000000000000000000e+00 0.000000000000000000e+00 1.000000000000000000e+00
4.493756107559848667e-01 -2.025374604612117657e-01 8.700805351044285096e-01 -8.202409707515169179e-01 -8.933429131401253720e-01 -1.018818122996035663e-01 4.376740063847324169e-01 -2.558767597628658574e+00 1.192757368579381130e-16 -9.739603038278672464e-01 -2.267186065754828450e-01 7.793307564271579890e-01 0.000000000000000000e+00 0.000000000000000000e+00 0.000000000000000000e+00 1.000000000000000000e+00
4.545308407846480603e-01 -1.981107495222030057e-01 8.684203162635889539e-01 -8.104572308226219990e-01 -8.907310002327306631e-01 -1.010938718033572714e-01 4.431459289085317721e-01 -2.565761231212961846e+00 1.193972322001662050e-16 -9.749523885849797900e-01 -2.224136686277232433e-01 7.692408182642347381e-01 0.000000000000000000e+00 0.000000000000000000e+00 0.000000000000000000e+00 1.000000000000000000e+00
4.599010612100685180e-01 -1.935333060979577968e-01 8.666232591666617191e-01 -8.007540430262349851e-01 -8.879701649818269038e-01 -1.002355443504856225e-01 4.488449863270269624e-01 -2.572988902226920782e+00 1.195206147975501198e-16 -9.759598839499276091e-01 -2.179502349630391966e-01 7.584285765805597324e-01 0.000000000000000000e+00 0.000000000000000000e+00 0.000000000000000000e+00 1.000000000000000000e+00
4.654504596608212696e-01 -1.888325472726622989e-01 8.646954022614252722e-01 -7.911889869674573195e-01 -8.850739345396689828e-01 -9.930491961973514359e-02 4.547336179982603976e-01 -2.580364712429541463e+00 1.196449714867775866e-16 -9.769753333784000349e-01 -2.133522860673498778e-01 7.469923337091058935e-01 0.000000000000000000e+00 0.000000000000000000e+00 0.000000000000000000e+00 1.000000000000000000e+00
4.711425139685357366e-01 -1.840368402430424544e-01 8.626442910984603030e-01 -7.818196422513923327e-01 -8.820571021943013346e-01 -9.830154913919937620e-02 4.607733433103802234e-01 -2.587802763579836629e+00 1.197694080426726564e-16 -9.779914349677047980e-01 -2.086450409902175784e-01 7.350303919828472532e-01 0.000000000000000000e+00 0.000000000000000000e+00 0.000000000000000000e+00 1.000000000000000000e+00
4.769401720577530202e-01 -1.791753619992299540e-01 8.604790886070188272e-01 -7.727035884831419121e-01 -8.789357611779833324e-01 -9.722659124244954765e-02 4.669249593648348573e-01 -2.595217157436811917e+00 1.198930579617669819e-16 -9.790011131800712141e-01 -2.038549003388965553e-01 7.226410537347565111e-01 0.000000000000000000e+00 0.000000000000000000e+00 0.000000000000000000e+00 1.000000000000000000e+00
4.828060375476461163e-01 -1.742779386226878391e-01 8.582106560844880994e-01 -7.638984052678080561e-01 -8.757273149260225154e-01 -9.608292392421251271e-02 4.731487521093478144e-01 -2.602521995759477402e+00 1.200150908912556397e-16 -9.799975876702965438e-01 -1.990093670167295270e-01 7.099226212978073658e-01 0.000000000000000000e+00 0.000000000000000000e+00 0.000000000000000000e+00 1.000000000000000000e+00
4.887025576679249750e-01 -1.693748681294617031e-01 8.558516017248292140e-01 -7.554616722104934290e-01 -8.724504628509450743e-01 -9.487522189976441145e-02 4.794047164355415558e-01 -2.609631380306842718e+00 1.201347204484794102e-16 -9.809744371366656557e-01 -1.941369456965934270e-01 6.969733970049729610e-01 0.000000000000000000e+00 0.000000000000000000e+00 0.000000000000000000e+00 1.000000000000000000e+00
4.945922098098986530e-01 -1.644967316552975178e-01 8.534162942375110861e-01 -7.474509689163004733e-01 -8.691251612945981586e-01 -9.360999501465623596e-02 4.856527801197011440e-01 -2.616459412837915721e+00 1.202512111743944718e-16 -9.819256561003388839e-01 -1.892670227269371008e-01 6.838916831892268844e-01 0.000000000000000000e+00 0.000000000000000000e+00 0.000000000000000000e+00 1.000000000000000000e+00
5.004376828858334569e-01 -1.596741984587982943e-01 8.509208399694992986e-01 -7.399238749903311874e-01 -8.657725599416152829e-01 -9.229558615112784525e-02 4.918530260445306834e-01 -2.622920195111704711e+00 1.203638843747483170e-16 -9.828457026021735210e-01 -1.844297288303595461e-01 6.707757821835422796e-01 0.000000000000000000e+00 0.000000000000000000e+00 0.000000000000000000e+00 1.000000000000000000e+00
5.062020496664912939e-01 -1.549378306629159152e-01 8.483830228988039623e-01 -7.329379700376879025e-01 -8.624149145935748884e-01 -9.094212788447549045e-02 4.979659069277741490e-01 -2.628927828887220208e+00 1.204721226248278712e-16 -9.837295349867835048e-01 -1.796557875346260214e-01 6.577239963208922902e-01 0.000000000000000000e+00 0.000000000000000000e+00 0.000000000000000000e+00 1.000000000000000000e+00
5.118489264114526316e-01 -1.503178938295986200e-01 8.458222078699972890e-01 -7.265508336634730613e-01 -8.590754777849519686e-01 -8.956145829641630474e-02 5.039524468205069940e-01 -2.634396415923469625e+00 1.205753727468210176e-16 -9.845726362145419408e-01 -1.749763527381548445e-01 6.448346279342507259e-01 0.000000000000000000e+00 0.000000000000000000e+00 0.000000000000000000e+00 1.000000000000000000e+00
5.173426163951057033e-01 -1.458441793492392669e-01 8.432592084355873263e-01 -7.208200454727889950e-01 -8.557783692413980514e-01 -8.816699748723057228e-02 5.097744239294671464e-01 -2.639240057979463039e+00 1.206731471113954053e-16 -9.853710244897774251e-01 -1.704228391265865117e-01 6.322059793565908414e-01 0.000000000000000000e+00 0.000000000000000000e+00 0.000000000000000000e+00 1.000000000000000000e+00
5.226482343508177530e-01 -1.415458442254442506e-01 8.407161215966296730e-01 -7.158031850707378130e-01 -8.525484286126934208e-01 -8.677358737791121546e-02 5.153945298541645625e-01 -2.643372856814208749e+00 1.207650231647568362e-16 -9.861212493989136574e-01 -1.660267493024112639e-01 6.199363529208854473e-01 0.000000000000000000e+00 0.000000000000000000e+00 0.000000000000000000e+00 1.000000000000000000e+00
5.277318093880336569e-01 -1.374512731642924257e-01 8.382161325490862236e-01 -7.115578320624222908e-01 -8.494110532363187138e-01 -8.539729829663525451e-02 5.207765010862177579e-01 -2.646708914186715944e+00 1.208506411364439306e-16 -9.868203731931920464e-01 -1.618195014540875221e-01 6.081240509601084643e-01 0.000000000000000000e+00 0.000000000000000000e+00 0.000000000000000000e+00 1.000000000000000000e+00
5.325603645576033607e-01 -1.335879669698636640e-01 8.357832931945523569e-01 -7.081415660529442047e-01 -8.463920238886190051e-01 -8.405520654970388694e-02 5.258852195580456801e-01 -2.649162331855992480e+00 1.209296999384572675e-16 -9.874659373025205245e-01 -1.578322611738638137e-01 5.968673758072331470e-01 0.000000000000000000e+00 0.000000000000000000e+00 0.000000000000000000e+00 1.000000000000000000e+00
5.371019719219480848e-01 -1.299824601518679013e-01 8.334422786314735765e-01 -7.056119666474061081e-01 -8.435173215515818779e-01 -8.276514764915259004e-02 5.306867801039131249e-01 -2.650647211581048435e+00 1.210019513200589960e-16 -9.880559146057888986e-01 -1.540957806447598444e-01 5.862646297952327501e-01 0.000000000000000000e+00 0.000000000000000000e+00 0.000000000000000000e+00 1.000000000000000000e+00
5.413257826995868660e-01 -1.266602694232246418e-01 8.312181260862372412e-01 -7.040266134509101104e-01 -8.408129381644169342e-01 -8.154545008804359174e-02 5.351485238560027557e-01 -2.651077655120892551e+00 1.210671923920509925e-16 -9.885886483869691377e-01 -1.506402478769384712e-01 5.764141152570805282e-01 0.000000000000000000e+00 0.000000000000000000e+00 0.000000000000000000e+00 1.000000000000000000e+00
5.452020327696367463e-01 -1.236458734660077774e-01 8.291359607680056643e-01 -7.034430860685589870e-01 -8.383046841476289313e-01 -8.041465451882566506e-02 5.392390377882169128e-01 -2.650367764234533130e+00 1.211252566774024711e-16 -9.890627792579427258e-01 -1.474951480102111578e-01 5.674141345257500690e-01 0.000000000000000000e+00 0.000000000000000000e+00 0.000000000000000000e+00 1.000000000000000000e+00
5.487020245151926767e-01 -1.209627230328783748e-01 8.272207129475180887e-01 -7.039189641054548474e-01 -8.360179951968311762e-01 -7.939122291666024511e-02 5.429281217904156076e-01 -2.648431640680980248e+00 1.211760038802821865e-16 -9.894771616163096084e-01 -1.446891379466049843e-01 5.593629899342145162e-01 0.000000000000000000e+00 0.000000000000000000e+00 0.000000000000000000e+00 1.000000000000000000e+00
5.517995589632413989e-01 -1.186320125733350550e-01 8.254960280466360212e-01 -7.055081277826283914e-01 -8.339767662998605058e-01 -7.849270490750248630e-02 5.461882903800955313e-01 -2.645188307594499300e+00 1.212193323971662592e-16 -9.898309658063360050e-01 -1.422485821753461110e-01 5.523540755723773676e-01 0.000000000000000000e+00 0.000000000000000000e+00 0.000000000000000000e+00 1.000000000000000000e+00
5.544952497588412355e-01 -1.166517624737633818e-01 8.239704996579944041e-01 -7.081991947166234036e-01 -8.321868888626401395e-01 -7.772634853224064111e-02 5.490205795313727322e-01 -2.640643608445078172e+00 1.212555555131516363e-16 -9.901267499949738538e-01 -1.401749583356123319e-01 5.463941968656407244e-01 0.000000000000000000e+00 0.000000000000000000e+00 0.000000000000000000e+00 1.000000000000000000e+00
5.568122119283198668e-01 -1.150005067420600408e-01 8.226390727995851471e-01 -7.119249379832942592e-01 -8.306384054734597955e-01 -7.708972533653238313e-02 5.514499193943600552e-01 -2.634877677972704557e+00 1.212853030535376352e-16 -9.903696570960801582e-01 -1.384483380304458444e-01 5.414160662080929054e-01 0.000000000000000000e+00 0.000000000000000000e+00 0.000000000000000000e+00 1.000000000000000000e+00
5.587742992295497979e-01 -1.136560407572833054e-01 8.214947272623874808e-01 -7.166163292404030827e-01 -8.293197709692718966e-01 -7.657851259608926264e-02 5.535019863451666744e-01 -2.627973047385058880e+00 1.213091648692391761e-16 -9.905645036078919441e-01 -1.370473064020254483e-01 5.373500059208548008e-01 0.000000000000000000e+00 0.000000000000000000e+00 0.000000000000000000e+00 1.000000000000000000e+00
5.604053286023255032e-01 -1.125961268126009218e-01 8.205290853473266033e-01 -7.222043401457128864e-01 -8.282184902995824993e-01 -7.618698469644231974e-02 5.552023736339251059e-01 -2.620012247889823342e+00 1.213276846324008653e-16 -9.907157289503709663e-01 -1.359497863563427777e-01 5.341263383250476338e-01 0.000000000000000000e+00 0.000000000000000000e+00 0.000000000000000000e+00 1.000000000000000000e+00
5.617290339846598979e-01 -1.117985627396594628e-01 8.197326233278794394e-01 -7.286199423569869049e-01 -8.273212751879773785e-01 -7.590823605298122057e-02 5.565765421940309654e-01 -2.611077810694681478e+00 1.213413656124165998e-16 -9.908274426299825688e-01 -1.351331895994787868e-01 5.316753857417926277e-01 0.000000000000000000e+00 0.000000000000000000e+00 0.000000000000000000e+00 1.000000000000000000e+00
5.627690279017334429e-01 -1.112412360099145486e-01 8.190948715780879130e-01 -7.357941075319882618e-01 -8.266141912854737539e-01 -7.573439085836702889e-02 5.576497832930397136e-01 -2.601252267007315488e+00 1.213506764402612855e-16 -9.909034713090365543e-01 -1.345745538640251704e-01 5.299274704922112278e-01 0.000000000000000000e+00 0.000000000000000000e+00 0.000000000000000000e+00 1.000000000000000000e+00
5.635487692669522986e-01 -1.109021664219204256e-01 8.186046018320616291e-01 -7.436578073284789703e-01 -8.260827952800514629e-01 -7.565679826914238626e-02 5.584471901782289693e-01 -2.590618148035406687e+00 1.213560566966012597e-16 -9.909474044360715439e-01 -1.342506671916867678e-01 5.288129148974242133e-01 0.000000000000000000e+00 0.000000000000000000e+00 0.000000000000000000e+00 1.000000000000000000e+00
5.640915360431906223e-01 -1.107595400721428924e-01 8.182500004567315743e-01 -7.521420134042223760e-01 -8.257122616047516406e-01 -7.566621206436616176e-02 5.589936362673519898e-01 -2.579257984986638164e+00 1.213579221912199162e-16 -9.909626373556360557e-01 -1.341381801172293331e-01 5.282620412785529185e-01 0.000000000000000000e+00 0.000000000000000000e+00 0.000000000000000000e+00 1.000000000000000000e+00
5.644204016208258512e-01 -1.107917368821322718e-01 8.180188269672196144e-01 -7.611776974169811583e-01 -8.254874985329491155e-01 -7.575295414941536631e-02 5.593137578349480776e-01 -2.567254309068692564e+00 1.213566698306203686e-16 -9.909524110552822007e-01 -1.342137065419290731e-01 5.282051719567184556e-01 0.000000000000000000e+00 0.000000000000000000e+00 0.000000000000000000e+00 1.000000000000000000e+00
5.645582139707374658e-01 -1.109773535368859670e-01 8.178985573040949975e-01 -7.706958310245185517e-01 -8.253932535695763795e-01 -7.590706155281438938e-02 5.594319395317416399e-01 -2.554689651489251645e+00 1.213526819970870227e-16 -9.909198479233153334e-01 -1.344539140063751581e-01 5.285726292530422699e-01 0.000000000000000000e+00 0.000000000000000000e+00 0.000000000000000000e+00 1.000000000000000000e+00
5.645275768198649846e-01 -1.112952232931413571e-01 8.178765116336457197e-01 -7.806273858845967917e-01 -8.254142081463654579e-01 -7.611841678664428568e-02 5.593723014379629044e-01 -2.541646543455997609e+00 1.213463303859603888e-16 -9.908679830825216639e-01 -1.348356039849100130e-01 5.292947354886451405e-01 0.000000000000000000e+00 0.000000000000000000e+00 0.000000000000000000e+00 1.000000000000000000e+00
5.643508322703379987e-01 -1.117244337532506682e-01 8.179399666346500730e-01 -7.909033336549792237e-01 -8.255350617119644463e-01 -7.637686162332694984e-02 5.591586866827648050e-01 -2.528207516176613545e+00 1.213379792684460770e-16 -9.907997910330252900e-01 -1.353357827365450905e-01 5.303018129846487350e-01 0.000000000000000000e+00 0.000000000000000000e+00 0.000000000000000000e+00 1.000000000000000000e+00
5.640500444380124323e-01 -1.122443433777539634e-01 8.180762524051000684e-01 -8.014546459934285272e-01 -8.257406053776671362e-01 -7.667229449274952369e-02 5.588146489559314700e-01 -2.514455100858781655e+00 1.213279881650185032e-16 -9.907182074822860063e-01 -1.359317231667650505e-01 5.315241840621737213e-01 0.000000000000000000e+00 0.000000000000000000e+00 0.000000000000000000e+00 1.000000000000000000e+00
5.636469838208454375e-01 -1.128345972324205915e-01 8.182728342656017118e-01 -8.122122945577074926e-01 -8.260157853392776639e-01 -7.699475183100926157e-02 5.583634394915355514e-01 -2.500471828710184141e+00 1.213167139295045764e-16 -9.906261463629348896e-01 -1.366010180859618395e-01 5.328921710423415448e-01 0.000000000000000000e+00 0.000000000000000000e+00 0.000000000000000000e+00 1.000000000000000000e+00
5.631631122211504525e-01 -1.134751422355645550e-01 8.185173798570232195e-01 -8.231072510055790215e-01 -8.263457563474191359e-01 -7.733447382072704268e-02 5.578279933146805813e-01 -2.486340230938502760e+00 1.213045122563619315e-16 -9.905265121406340301e-01 -1.373216251961442702e-01 5.343360962462734287e-01 0.000000000000000000e+00 0.000000000000000000e+00 0.000000000000000000e+00 1.000000000000000000e+00
5.626195681383538982e-01 -1.141462419890661578e-01 8.187978120315085873e-01 -8.340704869948065703e-01 -8.267159255438425447e-01 -7.768195505639716170e-02 5.572309147120282358e-01 -2.472142838751421046e+00 1.212917386336312844e-16 -9.904222075955231297e-01 -1.380719040993154401e-01 5.357862819950907074e-01 0.000000000000000000e+00 0.000000000000000000e+00 0.000000000000000000e+00 1.000000000000000000e+00
5.620371526209305690e-01 -1.148284911403692349e-01 8.191023481202962531e-01 -8.450329741831519303e-01 -8.271119870209576730e-01 -7.802798074870086198e-02 5.565944620156794143e-01 -2.457962183356619867e+00 1.212787487716805098e-16 -9.903161373231815778e-01 -1.388306455984898435e-01 5.371730506099140490e-01 0.000000000000000000e+00 0.000000000000000000e+00 0.000000000000000000e+00 1.000000000000000000e+00
5.614363156187185400e-01 -1.155028291301525289e-01 8.194195262302513827e-01 -8.559256842283784472e-01 -8.275199474964206603e-01 -7.836364915016365285e-02 5.559405318803364304e-01 -2.443880795961782759e+00 1.212658985433168111e-16 -9.902112072456062952e-01 -1.395770935547776537e-01 5.384267244118650098e-01 0.000000000000000000e+00 0.000000000000000000e+00 0.000000000000000000e+00 1.000000000000000000e+00
5.608371429111569384e-01 -1.161505531278506365e-01 8.197382192745100715e-01 -8.666795887882490224e-01 -8.279261435244392731e-01 -7.868038094131220295e-02 5.552906432884310295e-01 -2.429981207774591923e+00 1.212535434742732452e-16 -9.901103204507184508e-01 -1.402909595696588407e-01 5.394776257220648130e-01 0.000000000000000000e+00 0.000000000000000000e+00 0.000000000000000000e+00 1.000000000000000000e+00
5.602593437047436176e-01 -1.167533299405478509e-01 8.200476374817036174e-01 -8.772256595205266683e-01 -8.283172506905370769e-01 -7.896991636151873273e-02 5.546659215404573517e-01 -2.416345950002729559e+00 1.212420378246494705e-16 -9.900163696917584355e-01 -1.409524307784427166e-01 5.402560768616343490e-01 0.000000000000000000e+00 0.000000000000000000e+00 0.000000000000000000e+00 1.000000000000000000e+00
5.597222389959763955e-01 -1.172932066954373714e-01 8.203373201533821213e-01 -8.874948680829739533e-01 -8.286802852568240230e-01 -7.922430090181459272e-02 5.540870824818853180e-01 -2.403057553853877870e+00 1.212317333017769085e-16 -9.899322268770323063e-01 -1.415421710667172650e-01 5.406924001516951739e-01 0.000000000000000000e+00 0.000000000000000000e+00 0.000000000000000000e+00 1.000000000000000000e+00
5.592447507861117995e-01 -1.177526201373221837e-01 8.205971174510516830e-01 -8.974181861333537791e-01 -8.290025987403053520e-01 -7.943586039799330201e-02 5.535744171876539887e-01 -2.390198550535719502e+00 1.212229774433776911e-16 -9.898607298674021449e-01 -1.420413160540762165e-01 5.407169179133681780e-01 0.000000000000000000e+00 0.000000000000000000e+00 0.000000000000000000e+00 1.000000000000000000e+00
5.588453922131580986e-01 -1.181144044459041392e-01 8.208171629933860292e-01 -9.069265853294289359e-01 -8.292718659173970996e-01 -7.959716637145623774e-02 5.531477772743131904e-01 -2.377851471255936211e+00 1.212161117069886859e-16 -9.898046668752498167e-01 -1.424314622264894747e-01 5.402599524677745846e-01 0.000000000000000000e+00 0.000000000000000000e+00 0.000000000000000000e+00 1.000000000000000000e+00
5.585422586365141884e-01 -1.183617975584441984e-01 8.209878380316940616e-01 -9.159510373289627694e-01 -8.294760667537196541e-01 -7.970099246299312823e-02 5.528265609422114979e-01 -2.366098847222211088e+00 1.212114692976355316e-16 -9.897667587260888800e-01 -1.426946506385302904e-01 5.392518261360357279e-01 0.000000000000000000e+00 0.000000000000000000e+00 0.000000000000000000e+00 1.000000000000000000e+00
5.583530196723882622e-01 -1.184784460777485449e-01 8.210997279488816414e-01 -9.244225137897175149e-01 -8.296034627596038380e-01 -7.974026279199909750e-02 5.526296997693277424e-01 -2.355023209642226334e+00 1.212093727608684038e-16 -9.897496392042105517e-01 -1.428133456478596908e-01 5.376228612392727202e-01 0.000000000000000000e+00 0.000000000000000000e+00 0.000000000000000000e+00 1.000000000000000000e+00
5.582949121352527300e-01 -1.184484089497734316e-01 8.211435717955525293e-01 -9.322719863694564069e-01 -8.296425682689446690e-01 -7.970799305193959627e-02 5.525756461876885073e-01 -2.344707089723664595e+00 1.212101313627219888e-16 -9.897558336584327821e-01 -1.427704091858702229e-01 5.353033800986067847e-01 0.000000000000000000e+00 0.000000000000000000e+00 0.000000000000000000e+00 1.000000000000000000e+00
5.583847337936496125e-01 -1.182561602064300388e-01 8.211102055384686960e-01 -9.394304267259420138e-01 -8.295821171325928889e-01 -7.959722512409547757e-02 5.526823614756933845e-01 -2.335233018674206296e+00 1.212140382721376597e-16 -9.897877359948320519e-01 -1.425490711096525642e-01 5.322237050351588117e-01 0.000000000000000000e+00 0.000000000000000000e+00 0.000000000000000000e+00 1.000000000000000000e+00
5.586388377990211263e-01 -1.178865911849604348e-01 8.209904996535276611e-01 -9.458288065169377923e-01 -8.294110253080549944e-01 -7.940095595810880980e-02 5.529673039976048532e-01 -2.326683527701536747e+00 1.212213675550853197e-16 -9.898475841318847834e-01 -1.421328962213587177e-01 5.283141583700503574e-01 0.000000000000000000e+00 0.000000000000000000e+00 0.000000000000000000e+00 1.000000000000000000e+00
5.590731275950318047e-01 -1.173250127536845655e-01 8.207752916501915852e-01 -9.513980974002052005e-01 -8.291183498156997622e-01 -7.911206143237561883e-02 5.534474173169577904e-01 -2.319141148013335041e+00 1.212323709832346467e-16 -9.899374339412909674e-01 -1.415057485819294358e-01 5.235050624244022011e-01 0.000000000000000000e+00 0.000000000000000000e+00 0.000000000000000000e+00 1.000000000000000000e+00
5.597030520630980055e-01 -1.165571581936507284e-01 8.204553140696164704e-01 -9.560692710335088051e-01 -8.286932445188949226e-01 -7.872321587303622581e-02 5.541391177054316719e-01 -2.312688410817286933e+00 1.212472746537374146e-16 -9.900591316464020242e-01 -1.406517537877589874e-01 5.177267395193360100e-01 0.000000000000000000e+00 0.000000000000000000e+00 0.000000000000000000e+00 1.000000000000000000e+00
5.605436006082910039e-01 -1.155691875059085549e-01 8.200211184575167955e-01 -9.597732990746105086e-01 -8.281249131725797463e-01 -7.822680788065659863e-02 5.550582804640519230e-01 -2.307407847321072403e+00 1.212662754106697968e-16 -9.902142846010791866e-01 -1.395552599222723844e-01 5.109095119759726744e-01 0.000000000000000000e+00 0.000000000000000000e+00 0.000000000000000000e+00 1.000000000000000000e+00
5.616065231444465899e-01 -1.143503492524152315e-01 8.194645268634005442e-01 -9.624474458523250009e-01 -8.274044435230004657e-01 -7.761609520799847561e-02 5.562172494655814869e-01 -2.303370014347193795e+00 1.212894875890482838e-16 -9.904038264215833109e-01 -1.382036924596677652e-01 5.029954327192855956e-01 0.000000000000000000e+00 0.000000000000000000e+00 0.000000000000000000e+00 1.000000000000000000e+00
5.628783490929273325e-01 -1.129140185195635082e-01 8.187908087809634416e-01 -9.640856358480808241e-01 -8.265397535039802346e-01 -7.689509919432349627e-02 5.576012729518061706e-01 -2.300537649560553177e+00 1.213165536072489350e-16 -9.906248372323697149e-01 -1.366105115221415978e-01 4.940321787882493432e-01 0.000000000000000000e+00 0.000000000000000000e+00 0.000000000000000000e+00 1.000000000000000000e+00
5.643328148917993170e-01 -1.112858082761207235e-01 8.180121899535657271e-01 -9.647117887701506245e-01 -8.255473784322121533e-01 -7.607344542870386750e-02 5.591818638549607146e-01 -2.298816412416037736e+00 1.213468828394334703e-16 -9.908724942074719211e-01 -1.348024488763593653e-01 4.841233434012608416e-01 0.000000000000000000e+00 0.000000000000000000e+00 0.000000000000000000e+00 1.000000000000000000e+00
5.659441800572586612e-01 -1.094908297174575218e-01 8.171407120362439436e-01 -9.643500978067635065e-01 -8.244435608695824813e-01 -7.516063050195599671e-02 5.609310960922306855e-01 -2.298111441960857704e+00 1.213798985090837340e-16 -9.911420876092040810e-01 -1.328057309368418648e-01 4.733730295896408924e-01 0.000000000000000000e+00 0.000000000000000000e+00 0.000000000000000000e+00 1.000000000000000000e+00
5.676873793349686004e-01 -1.075535473039390122e-01 8.161882588019352402e-01 -9.630247561461479089e-01 -8.232442161010276038e-01 -7.416607394622741489e-02 5.628217783025166732e-01 -2.298327877242223316e+00 1.214150453892504355e-16 -9.914290836654643391e-01 -1.306459798932133876e-01 4.618853403847097416e-01 0.000000000000000000e+00 0.000000000000000000e+00 0.000000000000000000e+00 1.000000000000000000e+00
5.695380425349476639e-01 -1.054977576717567450e-01 8.151666340274799083e-01 -9.607599569765329361e-01 -8.219649737704521897e-01 -7.309920533545566368e-02 5.648274852323182937e-01 -2.299370857307343474e+00 1.214517942965614931e-16 -9.917291612660970035e-01 -1.283482399351226766e-01 4.497643788177881352e-01 0.000000000000000000e+00 0.000000000000000000e+00 0.000000000000000000e+00 1.000000000000000000e+00
5.714725042591533022e-01 -1.033465756828692017e-01 8.140876256094283780e-01 -9.575798934861470268e-01 -8.206212140054459647e-01 -7.196953406045576707e-02 5.669225778634582325e-01 -2.301145521203428856e+00 1.214896456383150528e-16 -9.920382409271055746e-01 -1.259370022600748984e-01 4.371142479201963749e-01 0.000000000000000000e+00 0.000000000000000000e+00 0.000000000000000000e+00 1.000000000000000000e+00
5.734678042621327299e-01 -1.011224272663921592e-01 8.129630570810223444e-01 -9.535087588632191746e-01 -8.192280985627679035e-01 -7.078670327330345569e-02 5.690822130105008814e-01 -2.303557007977688809e+00 1.215281320826229303e-16 -9.923525065940281831e-01 -1.234362291085947111e-01 4.240390507232547623e-01 0.000000000000000000e+00 0.000000000000000000e+00 0.000000000000000000e+00 1.000000000000000000e+00
5.755016790852875985e-01 -9.884704889634324254e-02 8.118048277107612343e-01 -9.485707462959783731e-01 -8.178005975603189759e-01 -6.956052952538392675e-02 5.712823429462297042e-01 -2.306510456677334009e+00 1.215668204149269590e-16 -9.926684208015446043e-01 -1.208693771944237272e-01 4.106428902582842100e-01 0.000000000000000000e+00 0.000000000000000000e+00 0.000000000000000000e+00 1.000000000000000000e+00
5.775525455188501578e-01 -9.654149368911366103e-02 8.106249423506356466e-01 -9.427900489726529498e-01 -8.163535123735896626e-01 -6.830102961916720283e-02 5.734997054822827955e-01 -2.309911006349574247e+00 1.216053126386757063e-16 -9.929827336611833921e-01 -1.182594209810090696e-01 3.970298695566048530e-01 0.000000000000000000e+00 0.000000000000000000e+00 0.000000000000000000e+00 1.000000000000000000e+00
5.795994763701519670e-01 -9.422614419775694750e-02 8.094355321710735574e-01 -9.361908600814715653e-01 -8.149014952688733437e-01 -6.701843616004043991e-02 5.757118048322589221e-01 -2.313663796041617982e+00 1.216432463732777320e-16 -9.932924861108565207e-01 -1.156288763056785157e-01 3.833040916495371597e-01 0.000000000000000000e+00 0.000000000000000000e+00 0.000000000000000000e+00 1.000000000000000000e+00
5.816221689497269587e-01 -9.192073203791181757e-02 8.082488673718200012e-01 -9.287973728106633242e-01 -8.134590663249228193e-01 -6.572320323489033722e-02 5.778968835097920698e-01 -2.317673964800676778e+00 1.216802945983769683e-16 -9.935950078267099528e-01 -1.129998248752638046e-01 3.695696595684015984e-01 0.000000000000000000e+00 0.000000000000000000e+00 0.000000000000000000e+00 1.000000000000000000e+00
5.836009066258857070e-01 -8.964436450998553019e-02 8.070773628946886769e-01 -9.206337803484569982e-01 -8.120406281618206545e-01 -6.442600356136810036e-02 5.800338854581396086e-01 -2.321846651673959094e+00 1.217161647897628831e-16 -9.938879101672941641e-01 -1.103939401565528083e-01 3.559306763445187483e-01 0.000000000000000000e+00 0.000000000000000000e+00 0.000000000000000000e+00 1.000000000000000000e+00
5.855165137415631049e-01 -8.741555839136140593e-02 8.059335780863409182e-01 -9.117242758830811367e-01 -8.106604789527647181e-01 -6.313771834813279582e-02 5.821024105652422564e-01 -2.326086995708676053e+00 1.217505974885843911e-16 -9.941690744903094457e-01 -1.078325151662598153e-01 3.424912450092088556e-01 0.000000000000000000e+00 0.000000000000000000e+00 0.000000000000000000e+00 1.000000000000000000e+00
5.873503041325319751e-01 -8.525228106724727639e-02 8.048302111677053672e-01 -9.020930526027646223e-01 -8.093328241430852721e-01 -6.186942098370559057e-02 5.840826606840155977e-01 -2.330300135952036999e+00 1.217833643417586977e-16 -9.944366361513297115e-01 -1.053364926320784489e-01 3.293554685937926108e-01 0.000000000000000000e+00 0.000000000000000000e+00 0.000000000000000000e+00 1.000000000000000000e+00
5.890840234319392188e-01 -8.317199915478847017e-02 8.037800892618790494e-01 -8.917643036957361158e-01 -8.080717872424693082e-01 -6.063235553140190748e-02 5.859553772476835398e-01 -2.334391211451251280e+00 1.218142656473628236e-16 -9.946889644604033354e-01 -1.029264979521330864e-01 3.166274501295904265e-01 0.000000000000000000e+00 0.000000000000000000e+00 0.000000000000000000e+00 1.000000000000000000e+00
5.906997852911691771e-01 -8.119173475670959927e-02 8.027961546147084348e-01 -8.807622223502244996e-01 -8.068914199921614072e-01 -5.943791085134099428e-02 5.877017705406897274e-01 -2.338265361253529129e+00 1.218431274342038510e-16 -9.949246388349342052e-01 -1.006228753275111160e-01 3.044112926479227155e-01 0.000000000000000000e+00 0.000000000000000000e+00 0.000000000000000000e+00 1.000000000000000000e+00
5.921800015901972358e-01 -7.932812946149295219e-02 8.018914475119276464e-01 -8.691110017544586563e-01 -8.058057121394920363e-01 -5.829759099861324401e-02 5.893034406544088721e-01 -2.341827724406080780e+00 1.218697980995599094e-16 -9.951424213447536138e-01 -9.844572738367560194e-02 2.928110991801099461e-01 0.000000000000000000e+00 0.000000000000000000e+00 0.000000000000000000e+00 1.000000000000000000e+00
5.935073066510543338e-01 -7.759751618939970952e-02 8.010790862536901757e-01 -8.568348350966671356e-01 -8.048286009777555483e-01 -5.722298235976236436e-02 5.907422901215411137e-01 -2.344983439956115578e+00 1.218941446231708710e-16 -9.953412257970079002e-01 -9.641495853294665408e-02 2.819309727574726421e-01 0.000000000000000000e+00 0.000000000000000000e+00 0.000000000000000000e+00 1.000000000000000000e+00
5.946665385288464334e-01 -7.601261367691383719e-02 8.003710330316335941e-01 -8.439632395260359132e-01 -8.039724547234936569e-01 -5.622351561202066500e-02 5.920027097388194104e-01 -2.347655475197394370e+00 1.219160952559694683e-16 -9.955204663161020262e-01 -9.454629102069990465e-02 2.718586487050934641e-01 0.000000000000000000e+00 0.000000000000000000e+00 0.000000000000000000e+00 1.000000000000000000e+00
5.956518175848927177e-01 -7.457085353413264728e-02 7.997737805223453789e-01 -8.305497810172487450e-01 -8.032427479957809924e-01 -5.529868094955567998e-02 5.930793738425115258e-01 -2.349847329267095386e+00 1.219357912415055545e-16 -9.956812962431453862e-01 -9.283725713079751807e-02 2.626079279007063061e-01 0.000000000000000000e+00 0.000000000000000000e+00 0.000000000000000000e+00 1.000000000000000000e+00
5.964596382239911732e-01 -7.326567081964385775e-02 7.992922128039613439e-01 -8.166548127049151340e-01 -8.026430713397492145e-01 -5.444514139813116244e-02 5.939695502367371427e-01 -2.351585229335439564e+00 1.219534167733992422e-16 -9.958252196331870421e-01 -9.128051239182931320e-02 2.541717451336671929e-01 0.000000000000000000e+00 0.000000000000000000e+00 0.000000000000000000e+00 1.000000000000000000e+00
5.970862119412702063e-01 -7.209084007527129245e-02 7.989311398905829531e-01 -8.023386881235938795e-01 -8.021770724158254762e-01 -5.365953241043863731e-02 5.946701598969538205e-01 -2.352895403911947625e+00 1.219691383424344416e-16 -9.959535959866477883e-01 -8.986898598106721203e-02 2.465430339637464108e-01 0.000000000000000000e+00 0.000000000000000000e+00 0.000000000000000000e+00 1.000000000000000000e+00
5.975274721327127336e-01 -7.104044713820394097e-02 7.986952954143989869e-01 -7.876617608078450017e-01 -8.018484395736454884e-01 -5.293845657446098057e-02 5.951777883698480265e-01 -2.353804081506146506e+00 1.219831066259072787e-16 -9.960676556770218237e-01 -8.859585381992791941e-02 2.397147279507143014e-01 0.000000000000000000e+00 0.000000000000000000e+00 0.000000000000000000e+00 1.000000000000000000e+00
