6.894134520130755783e-01 -7.495637506797080130e-02 7.204794473266287191e-01 1.167238776983348769e+00 -7.243680640278219451e-01 -7.133933127677465069e-02 6.857124817513298165e-01 -2.976526525695861736e-01 1.218072541897872703e-16 -9.946317115644626172e-01 -1.034782989343548815e-01 6.015583338982717354e-01 0.000000000000000000e+00 0.000000000000000000e+00 0.000000000000000000e+00 1.000000000000000000e+00
7.018670922929716172e-01 -7.842317856979300061e-02 7.079776760740549291e-01 1.152815597685754812e+00 -7.123079283260921324e-01 -7.727367072903738865e-02 6.976003118232180222e-01 -3.176909274921377313e-01 1.217201943700608663e-16 -9.939208141874636970e-01 -1.100972984451904085e-01 6.064995629560214763e-01 0.000000000000000000e+00 0.000000000000000000e+00 0.000000000000000000e+00 1.000000000000000000e+00
7.129611697278388505e-01 -8.149968395292250811e-02 6.964511267676185557e-01 1.139275913563384535e+00 -7.012035157215853465e-01 -8.286625594529406502e-02 7.081290935735499170e-01 -3.366794175475041895e-01 1.216346786682655665e-16 -9.932225254902260492e-01 -1.162282876877106935e-01 6.111180432025824505e-01 0.000000000000000000e+00 0.000000000000000000e+00 0.000000000000000000e+00 1.000000000000000000e+00
7.228527259307665487e-01 -8.424911889588555802e-02 6.858469381572881440e-01 1.126601760242317951e+00 -6.910021248986576436e-01 -8.813244280556704890e-02 7.174599193757540405e-01 -3.546350794988761268e-01 1.215510383043349380e-16 -9.925395500887561617e-01 -1.219230967028380880e-01 6.154189699435897998e-01 0.000000000000000000e+00 0.000000000000000000e+00 0.000000000000000000e+00 1.000000000000000000e+00
7.316768091293830434e-01 -8.672469600843794868e-02 6.761123235709347590e-01 1.114775173348637072e+00 -6.816517050387568277e-01 -9.308925420286580377e-02 7.257309031381465880e-01 -3.715748701094447326e-01 1.214694816729237381e-16 -9.918735896545478603e-01 -1.272272853825064387e-01 6.194075384846794430e-01 0.000000000000000000e+00 0.000000000000000000e+00 0.000000000000000000e+00 1.000000000000000000e+00
7.395497346404967809e-01 -8.897119516739662726e-02 6.671958606163977956e-01 1.103778188508422131e+00 -6.731019164979183955e-01 -9.775432540593523290e-02 7.330606399686588892e-01 -3.875157461424006411e-01 1.213901275693013202e-16 -9.912256142245899904e-01 -1.321808673942051759e-01 6.230889441314872990e-01 0.000000000000000000e+00 0.000000000000000000e+00 0.000000000000000000e+00 1.000000000000000000e+00
7.465718747539424882e-01 -9.102631637186348046e-02 6.590482877256816918e-01 1.093592841347755584e+00 -6.653047691294445842e-01 -1.021451984398229762e-01 7.395511629422981681e-01 -4.024746643609352081e-01 1.213130302827826135e-16 -9.905960671047804311e-01 -1.368189746948185459e-01 6.264683821896492866e-01 0.000000000000000000e+00 0.000000000000000000e+00 0.000000000000000000e+00 1.000000000000000000e+00
7.528300322076599826e-01 -9.292182245396410356e-02 6.516229565615743180e-01 1.084201167492717666e+00 -6.582149668658511255e-01 -1.062788634599212551e-01 7.452904538335733964e-01 -4.164685815282390680e-01 1.212381984876236577e-16 -9.899850191257953957e-01 -1.411724544891765076e-01 6.295510479648012137e-01 0.000000000000000000e+00 0.000000000000000000e+00 0.000000000000000000e+00 1.000000000000000000e+00
7.583994527019766174e-01 -9.468449634667337744e-02 6.448760472314963854e-01 1.075585202569390164e+00 -6.517900506615165179e-01 -1.101714733690691839e-01 7.503545670643620991e-01 -4.295144544075031878e-01 1.211656094301100264e-16 -9.893922844894563751e-01 -1.452683977771308810e-01 6.323421367625786660e-01 0.000000000000000000e+00 0.000000000000000000e+00 0.000000000000000000e+00 1.000000000000000000e+00
7.633455287699570935e-01 -9.633693847200372473e-02 6.387666224786294755e-01 1.067726982203853536e+00 -6.459904052746562320e-01 -1.138381787678785645e-01 7.548094231976028023e-01 -4.416292397619184795e-01 1.210952195625914521e-16 -9.888175076022136523e-01 -1.491306026922244732e-01 6.348468438886176735e-01 0.000000000000000000e+00 0.000000000000000000e+00 0.000000000000000000e+00 1.000000000000000000e+00
7.677252421703628649e-01 -9.789822835509005838e-02 6.332565747146983171e-01 1.060608542022189793e+00 -6.407791761086323312e-01 -1.172930455205980493e-01 7.587123229116852219e-01 -4.528298943546758548e-01 1.210269725013500804e-16 -9.882602280560710550e-01 -1.527799778850698897e-01 6.370703646485539329e-01 0.000000000000000000e+00 0.000000000000000000e+00 0.000000000000000000e+00 1.000000000000000000e+00
7.715883861570580482e-01 -9.938447206602023243e-02 6.283105036999659943e-01 1.054211917650479391e+00 -6.361221284844180701e-01 -1.205490282081427000e-01 7.621132261354122139e-01 -4.631333749489661145e-01 1.209608049731086442e-16 -9.877199291855109919e-01 -1.562348920368595018e-01 6.390178943480231410e-01 0.000000000000000000e+00 0.000000000000000000e+00 0.000000000000000000e+00 1.000000000000000000e+00
7.749786032397275592e-01 -1.008092542572755074e-01 6.238955511755898131e-01 1.048519144714803453e+00 -6.319874718066815777e-01 -1.236179806454133223e-01 7.650558347862914665e-01 -4.725566383079805033e-01 1.208966512524753604e-16 -9.871960743019809748e-01 -1.595114757086705526e-01 6.406946282926611058e-01 0.000000000000000000e+00 0.000000000000000000e+00 0.000000000000000000e+00 1.000000000000000000e+00
7.779342687524681832e-01 -1.021840107815338849e-01 6.199812105549342700e-01 1.043512258841243323e+00 -6.283456640262288229e-01 -1.265106903040693065e-01 7.675785117746752872e-01 -4.811166411949094890e-01 1.208344464689276577e-16 -9.866881336974653305e-01 -1.626238814584523296e-01 6.421057617881036350e-01 0.000000000000000000e+00 0.000000000000000000e+00 0.000000000000000000e+00 1.000000000000000000e+00
7.804892458424215196e-01 -1.035183353276665497e-01 6.165391239615836128e-01 1.039173295655880791e+00 -6.251692067947109965e-01 -1.292369275271813001e-01 7.697150637989398358e-01 -4.888303403729443164e-01 1.207741290681648439e-16 -9.861956047429552008e-01 -1.655845076861876264e-01 6.432564901399867585e-01 0.000000000000000000e+00 0.000000000000000000e+00 0.000000000000000000e+00 1.000000000000000000e+00
7.826735334142006506e-01 -1.048202312760004168e-01 6.135428747921174431e-01 1.035484290784796535e+00 -6.224324381753654212e-01 -1.318055033034234991e-01 7.714954110077395510e-01 -4.957146926052758418e-01 1.207156426417060061e-16 -9.857180268282491609e-01 -1.684041911171542116e-01 6.441520086539460621e-01 0.000000000000000000e+00 0.000000000000000000e+00 0.000000000000000000e+00 1.000000000000000000e+00
7.845138250888700204e-01 -1.060963180606451228e-01 6.109677810968465739e-01 1.032427279854071234e+00 -6.201113272989212666e-01 -1.342243314150584621e-01 7.729461628158525999e-01 -5.017866546550948659e-01 1.206589372849399180e-16 -9.852549924512714608e-01 -1.710923722725388452e-01 6.447975126356173536e-01 0.000000000000000000e+00 0.000000000000000000e+00 0.000000000000000000e+00 1.000000000000000000e+00
7.860339943003643581e-01 -1.073519997193399939e-01 6.087906930632839275e-01 1.029984298489786454e+00 -6.181832736367223191e-01 -1.365004922231398410e-01 7.740911159667354102e-01 -5.070631832855923005e-01 1.206039706031866425e-16 -9.848061554331895007e-01 -1.736572377440705195e-01 6.451981973906362189e-01 0.000000000000000000e+00 0.000000000000000000e+00 0.000000000000000000e+00 1.000000000000000000e+00
7.872555181883600373e-01 -1.085916019785437420e-01 6.069897965054357192e-01 1.028137382318024207e+00 -6.166269123886637393e-01 -1.386402963752549899e-01 7.749516882612776936e-01 -5.115612352599593349e-01 1.205507084544743660e-16 -9.843712369836468135e-01 -1.761058426040572888e-01 6.453592582246393539e-01 0.000000000000000000e+00 0.000000000000000000e+00 0.000000000000000000e+00 1.000000000000000000e+00
7.881978508847343745e-01 -1.098184831277422696e-01 6.055444233284686950e-01 1.026868566964864060e+00 -6.154219266980061054e-01 -1.406493474373448627e-01 7.755472991409119166e-01 -5.152977673413866588e-01 1.204991254942138585e-16 -9.839500301483663502e-01 -1.784442158519831401e-01 6.452858904432613452e-01 0.000000000000000000e+00 0.000000000000000000e+00 0.000000000000000000e+00 1.000000000000000000e+00
7.888787550652979208e-01 -1.110351230472586409e-01 6.044348693254764093e-01 1.026159888056388469e+00 -6.145488668988215997e-01 -1.425326029483428014e-01 7.758957064516753821e-01 -5.182897362930650731e-01 1.204492055689302665e-16 -9.835424030242164717e-01 -1.806774514247690977e-01 6.449832893521388888e-01 0.000000000000000000e+00 0.000000000000000000e+00 0.000000000000000000e+00 1.000000000000000000e+00
7.893145991903418590e-01 -1.122431940362931119e-01 6.036422192801966791e-01 1.025993381218677669e+00 -6.139889766966423190e-01 -1.442944337360203555e-01 7.760133071589760956e-01 -5.205540988781859335e-01 1.204009419923092837e-16 -9.831483010132970879e-01 -1.828097869772505046e-01 6.444566502569073485e-01 0.000000000000000000e+00 0.000000000000000000e+00 0.000000000000000000e+00 1.000000000000000000e+00
7.895206266348260282e-01 -1.134436165145389364e-01 6.031481791320054686e-01 1.026351082077813448e+00 -6.137240260232212918e-01 -1.459386815579726271e-01 7.759154084737388546e-01 -5.221078118599394857e-01 1.203543377259956393e-16 -9.827677482992729363e-01 -1.848446723678480730e-01 6.437111684632024211e-01 0.000000000000000000e+00 0.000000000000000000e+00 0.000000000000000000e+00 1.000000000000000000e+00
7.895112018666239351e-01 -1.146366022175281385e-01 6.029349148615786858e-01 1.027215026259876707e+00 -6.137361502527930446e-01 -1.474687152734734386e-01 7.756164747402366499e-01 -5.229678320015170856e-01 1.203094054790939979e-16 -9.824008486598592160e-01 -1.867848295563334649e-01 6.427520392766601365e-01 0.000000000000000000e+00 0.000000000000000000e+00 0.000000000000000000e+00 1.000000000000000000e+00
7.893000379304355718e-01 -1.158216871525792474e-01 6.029848977446641278e-01 1.028567249390949012e+00 -6.140076954916876550e-01 -1.488874858310885452e-01 7.751303544823182623e-01 -5.231511160661097559e-01 1.202661677335921957e-16 -9.820477856744179723e-01 -1.886323054303597202e-01 6.415844580029166355e-01 0.000000000000000000e+00 0.000000000000000000e+00 0.000000000000000000e+00 1.000000000000000000e+00
7.889004087024841239e-01 -1.169977563117238911e-01 6.032807556744006483e-01 1.030389787097110821e+00 -6.145210697356547902e-01 -1.501975803877591276e-01 7.744704911722648522e-01 -5.226746208169081864e-01 1.202246566975578768e-16 -9.817088223417802517e-01 -1.903885189193794125e-01 6.402136199476069489e-01 0.000000000000000000e+00 0.000000000000000000e+00 0.000000000000000000e+00 1.000000000000000000e+00
7.883253486685624090e-01 -1.181630619357639522e-01 6.038051303529594627e-01 1.032664675004443922e+00 -6.152585998152236835e-01 -1.514012758671419712e-01 7.736501205449477503e-01 -5.215553030171032889e-01 1.201849141836579567e-16 -9.813843000882815915e-01 -1.920543036233076095e-01 6.386447204163674396e-01 0.000000000000000000e+00 0.000000000000000000e+00 0.000000000000000000e+00 1.000000000000000000e+00
7.875878423212081536e-01 -1.193152369771589699e-01 6.045405402889935109e-01 1.035373948739029437e+00 -6.162023942081236161e-01 -1.525005922244849765e-01 7.726824566038481557e-01 -5.198101194298861971e-01 1.201469914071241212e-16 -9.810746371180256720e-01 -1.936299470736235206e-01 6.368829547148339154e-01 0.000000000000000000e+00 0.000000000000000000e+00 0.000000000000000000e+00 1.000000000000000000e+00
7.867010046504612220e-01 -1.204513053077870127e-01 6.054692496994419360e-01 1.038499643926948268e+00 -6.173342119807996298e-01 -1.534973456161584093e-01 7.715808678335919213e-01 -5.174560268184474898e-01 1.201109486946161417e-16 -9.807803260355725250e-01 -1.951152276516523176e-01 6.349335181486418511e-01 0.000000000000000000e+00 0.000000000000000000e+00 0.000000000000000000e+00 1.000000000000000000e+00
7.856782535999987660e-01 -1.215676901508242064e-01 6.065731435956008832e-01 1.042023796194281537e+00 -6.186353383214188151e-01 -1.543932015766299182e-01 7.703590445284991262e-01 -5.145099819459784118e-01 1.200768550934526241e-16 -9.805019306550657454e-01 -1.965094501078477052e-01 6.328016060234272766e-01 0.000000000000000000e+00 0.000000000000000000e+00 0.000000000000000000e+00 1.000000000000000000e+00
7.845334747632490835e-01 -1.226602221747738197e-01 6.078336095280826301e-01 1.045928441167110590e+00 -6.200864673381465408e-01 -1.551897281859736244e-01 7.690311575545307754e-01 -5.109889415756695419e-01 1.200447878693700180e-16 -9.802400818991228171e-01 -1.978114805525737208e-01 6.304924136448257777e-01 0.000000000000000000e+00 0.000000000000000000e+00 0.000000000000000000e+00 1.000000000000000000e+00
7.832811779927159046e-01 -1.237241486631441290e-01 6.092314266679974555e-01 1.050195614471516325e+00 -6.216675930128120475e-01 -1.558884490686589797e-01 7.676120082728153937e-01 -5.069098624707119027e-01 1.200148318803489891e-16 -9.799954726857407206e-01 -1.990197817189328366e-01 6.280111363184731621e-01 0.000000000000000000e+00 0.000000000000000000e+00 0.000000000000000000e+00 1.000000000000000000e+00
7.819366449845145395e-01 -1.247541451566678145e-01 6.107466631072087093e-01 1.054807351733580090e+00 -6.233579094150978328e-01 -1.564908959015984258e-01 7.661171687604669822e-01 -5.022897013942967392e-01 1.199870788141562447e-16 -9.797688517023513954e-01 -2.001324492276448375e-01 6.253629693500054598e-01 0.000000000000000000e+00 0.000000000000000000e+00 0.000000000000000000e+00 1.000000000000000000e+00
7.805160662777056446e-01 -1.257443309475967663e-01 6.123585824636718078e-01 1.059745688579383671e+00 -6.251357214896429149e-01 -1.569986599295083718e-01 7.645631108665669196e-01 -4.971454151096146856e-01 1.199616262781378884e-16 -9.795610159734207123e-01 -2.011472495092093971e-01 6.225531080450587007e-01 0.000000000000000000e+00 0.000000000000000000e+00 0.000000000000000000e+00 1.000000000000000000e+00
7.790366654779209421e-01 -1.266882897788779994e-01 6.140455610733985825e-01 1.064992660635006860e+00 -6.269783679211283767e-01 -1.574134417933431285e-01 7.629673220405523981e-01 -4.914939603798564871e-01 1.199385767315301801e-16 -9.793728021421039820e-01 -2.020616599563687388e-01 6.195867477092679154e-01 0.000000000000000000e+00 0.000000000000000000e+00 0.000000000000000000e+00 1.000000000000000000e+00
7.775168078860660303e-01 -1.275790970565300608e-01 6.157850172332084426e-01 1.070530303526532334e+00 -6.288621577537181206e-01 -1.577370987796466728e-01 7.613484052744300401e-01 -4.853522939682133330e-01 1.199180362531661107e-16 -9.792050764078077396e-01 -2.028729117876004739e-01 6.164690836482695779e-01 0.000000000000000000e+00 0.000000000000000000e+00 0.000000000000000000e+00 1.000000000000000000e+00
7.759760901005526845e-01 -1.284093548133800611e-01 6.175533541230833201e-01 1.076340652880040327e+00 -6.307623225845524484e-01 -1.579716884041761638e-01 7.597261599224255368e-01 -4.787373726378760797e-01 1.199001131409791075e-16 -9.790587230902676463e-01 -2.035780359981269050e-01 6.132053111676991630e-01 0.000000000000000000e+00 0.000000000000000000e+00 0.000000000000000000e+00 1.000000000000000000e+00
7.744354065872181003e-01 -1.291712355594180905e-01 6.193259181789049217e-01 1.082405744321612184e+00 -6.326529862603118559e-01 -1.581195070636574884e-01 7.581216396211466479e-01 -4.716661531520356943e-01 1.198849163441262816e-16 -9.789346318268649094e-01 -2.041739126578140939e-01 6.098006255731925895e-01 0.000000000000000000e+00 0.000000000000000000e+00 0.000000000000000000e+00 1.000000000000000000e+00
7.729169887030706843e-01 -1.298565360126246182e-01 6.210769748018190040e-01 1.088707613477328806e+00 -6.345071540764354312e-01 -1.581831223390729457e-01 7.565571830555075650e-01 -4.641555922738829221e-01 1.198725537338140011e-16 -9.788336834528448271e-01 -2.046573236855602773e-01 6.062602221703856653e-01 0.000000000000000000e+00 0.000000000000000000e+00 0.000000000000000000e+00 1.000000000000000000e+00
7.714444112534307729e-01 -1.304567415202705083e-01 6.227797033765317680e-01 1.095228295973271759e+00 -6.362967235070816630e-01 -1.581653974288084463e-01 7.550564129323977802e-01 -4.562226467666087304e-01 1.198631302248909741e-16 -9.787567346629603149e-01 -2.050250090888904031e-01 6.025892962649138651e-01 0.000000000000000000e+00 0.000000000000000000e+00 0.000000000000000000e+00 1.000000000000000000e+00
7.700425613980771411e-01 -1.309631017527263519e-01 6.244062136260285500e-01 1.101949827435522611e+00 -6.379925184792440973e-01 -1.580695061482721708e-01 7.536441982729998879e-01 -4.478842733934042530e-01 1.198567457667940828e-16 -9.787046016063000176e-01 -2.052737265084199625e-01 5.987930431624136629e-01 0.000000000000000000e+00 0.000000000000000000e+00 0.000000000000000000e+00 1.000000000000000000e+00
7.687375646471147350e-01 -1.313667179807657959e-01 6.259275853542366486e-01 1.108854243490161595e+00 -6.395643491474670705e-01 -1.578989369730073311e-01 7.523465750585771605e-01 -4.391574289174600687e-01 1.198534932292408217e-16 -9.786780426216561413e-01 -2.054003137540052759e-01 5.948766581685202004e-01 0.000000000000000000e+00 0.000000000000000000e+00 0.000000000000000000e+00 1.000000000000000000e+00
7.675566628511403255e-01 -1.316586419371069683e-01 6.273139336218330753e-01 1.115923579763270279e+00 -6.409810990293089983e-01 -1.576574847429914050e-01 7.511906204098215412e-01 -4.300590701019673112e-01 1.198534562148430914e-16 -9.786777403761618421e-01 -2.054017538683881594e-01 5.908453365888695075e-01 0.000000000000000000e+00 0.000000000000000000e+00 0.000000000000000000e+00 1.000000000000000000e+00
7.665280395434667104e-01 -1.318299859202054503e-01 6.285345013648239165e-01 1.123139871880929785e+00 -6.422108412302376390e-01 -1.573492289025844870e-01 7.502042758943143763e-01 -4.206061537101168923e-01 1.198567068372104964e-16 -9.787042837221263669e-01 -2.052752421115597581e-01 5.867042737290976140e-01 0.000000000000000000e+00 0.000000000000000000e+00 0.000000000000000000e+00 1.000000000000000000e+00
7.656805887827102808e-01 -1.318720434321760115e-01 6.295577814008691542e-01 1.130485155469221681e+00 -6.432209853241436237e-01 -1.569784975349400591e-01 7.494161162867467585e-01 -4.108156365050996128e-01 1.198633035087240433e-16 -9.787581496328372488e-01 -2.050182541319306440e-01 5.824586648948398837e-01 0.000000000000000000e+00 0.000000000000000000e+00 0.000000000000000000e+00 1.000000000000000000e+00
7.650436248132903572e-01 -1.317764192638493925e-01 6.303516696722072377e-01 1.137941466154226866e+00 -6.439784562642925092e-01 -1.565498169664800154e-01 7.488550611935664847e-01 -4.007044752501065510e-01 1.198732887866115650e-16 -9.788396856144319091e-01 -2.046286144854629063e-01 5.781137053917326796e-01 0.000000000000000000e+00 0.000000000000000000e+00 0.000000000000000000e+00 1.000000000000000000e+00
7.646465314391411860e-01 -1.315351675594839398e-01 6.308836514391452654e-01 1.145490839562026020e+00 -6.444499064769041441e-01 -1.560678473622065521e-01 7.485500284293873374e-01 -3.902896267083283410e-01 1.198866873288983292e-16 -9.789490930149665759e-01 -2.041045645868178882e-01 5.736745905254110323e-01 0.000000000000000000e+00 0.000000000000000000e+00 0.000000000000000000e+00 1.000000000000000000e+00
7.645183520048300929e-01 -1.311409360218177556e-01 6.311210219499427954e-01 1.153115311318700931e+00 -6.446019620260386995e-01 -1.555373054910451913e-01 7.485295299136612845e-01 -3.795880476429562833e-01 1.199035040129745196e-16 -9.790864116613542389e-01 -2.034448291308806334e-01 5.691465156015116378e-01 0.000000000000000000e+00 0.000000000000000000e+00 0.000000000000000000e+00 1.000000000000000000e+00
7.646873232880677662e-01 -1.305871140629420168e-01 6.310311428473576179e-01 1.160796917050332500e+00 -6.444015034142378529e-01 -1.549628766842174044e-01 7.488212131391724924e-01 -3.686166948171808455e-01 1.199237222687767626e-16 -9.792515062487594513e-01 -2.026486800093595664e-01 5.645346759256695268e-01 0.000000000000000000e+00 0.000000000000000000e+00 0.000000000000000000e+00 1.000000000000000000e+00
7.651747413605995973e-01 -1.298694034892642624e-01 6.305882596600432821e-01 1.168517692383002071e+00 -6.438226581782746649e-01 -1.543480739039738703e-01 7.494458331983666621e-01 -3.573925249941933280e-01 1.199472997669393036e-16 -9.794440311316804371e-01 -2.017161120994649115e-01 5.598442668035208403e-01 0.000000000000000000e+00 0.000000000000000000e+00 0.000000000000000000e+00 1.000000000000000000e+00
7.659678759720690566e-01 -1.289925776268285584e-01 6.298048331793141275e-01 1.176259672942790546e+00 -6.428788478234737092e-01 -1.536901875609922030e-01 7.503906404457815205e-01 -3.459324949371845315e-01 1.199741561962800476e-16 -9.796633305195483477e-01 -2.006483462063576306e-01 5.550804835407014970e-01 0.000000000000000000e+00 0.000000000000000000e+00 0.000000000000000000e+00 1.000000000000000000e+00
7.670406011110926237e-01 -1.279650420030882252e-01 6.287079324076335629e-01 1.184004894355779491e+00 -6.415985631585638949e-01 -1.529841062237499993e-01 7.516296608009737090e-01 -3.342535614093453122e-01 1.200041897274753908e-16 -9.799085729128347300e-01 -1.994472078820151151e-01 5.502485214428470828e-01 0.000000000000000000e+00 0.000000000000000000e+00 0.000000000000000000e+00 1.000000000000000000e+00
7.683652032171832680e-01 -1.267957958454910827e-01 6.273258647951041045e-01 1.191735392248049585e+00 -6.400116518353526907e-01 -1.522245371041599793e-01 7.531352971534447382e-01 -3.223726811738666931e-01 1.200372852807541859e-16 -9.801788186138959968e-01 -1.981148241315304204e-01 5.453535758155934055e-01 0.000000000000000000e+00 0.000000000000000000e+00 0.000000000000000000e+00 1.000000000000000000e+00
7.699128346503825160e-01 -1.254943013172824529e-01 6.256879472848264623e-01 1.199433202245682395e+00 -6.381490633391330158e-01 -1.514061193698116592e-01 7.548787717089158189e-01 -3.103068109939393637e-01 1.200733160835546790e-16 -9.804730324462073154e-01 -1.966535853874485373e-01 5.404008419645762729e-01 0.000000000000000000e+00 0.000000000000000000e+00 0.000000000000000000e+00 1.000000000000000000e+00
7.716539325033057173e-01 -1.240703544603267705e-01 6.238242986581017391e-01 1.207080359974759043e+00 -6.360426152799697475e-01 -1.505235256669842925e-01 7.568305357004281309e-01 -2.980729076327545135e-01 1.201121453545544476e-16 -9.807900975055109383e-01 -1.950661032448497978e-01 5.353955151954316038e-01 0.000000000000000000e+00 0.000000000000000000e+00 0.000000000000000000e+00 1.000000000000000000e+00
7.735586076302674030e-01 -1.225339561516597120e-01 6.217656392491830442e-01 1.214658901061360430e+00 -6.337247671987596975e-01 -1.495715512699497540e-01 7.589606514764640766e-01 -2.856879278535028877e-01 1.201536280950659112e-16 -9.811288297876705755e-01 -1.933551637776350640e-01 5.303427908137952063e-01 0.000000000000000000e+00 0.000000000000000000e+00 0.000000000000000000e+00 1.000000000000000000e+00
7.755969967589793068e-01 -1.208951848941806073e-01 6.195431001051125985e-01 1.222150861131567678e+00 -6.312284044768990965e-01 -1.485451884952044554e-01 7.612391400581505208e-01 -2.731688284193754535e-01 1.201976129553785331e-16 -9.814879934285116736e-01 -1.915236767495703818e-01 5.252478641253026659e-01 0.000000000000000000e+00 0.000000000000000000e+00 0.000000000000000000e+00 1.000000000000000000e+00
7.777395722802977751e-01 -1.191640732210468012e-01 6.171880437618898485e-01 1.229538275811462356e+00 -6.285866350068695096e-01 -1.474396848051061915e-01 7.636362888412988603e-01 -2.605325660935631782e-01 1.202439441393396495e-16 -9.818663162559045920e-01 -1.895746211971952033e-01 5.201159304355900126e-01 0.000000000000000000e+00 0.000000000000000000e+00 0.000000000000000000e+00 1.000000000000000000e+00
7.799574060170733070e-01 -1.173504893766897095e-01 6.147318988324664835e-01 1.236803180727125362e+00 -6.258326012594089827e-01 -1.462505837901187100e-01 7.661229156877708002e-01 -2.477960976392568071e-01 1.202924633079166328e-16 -9.822625053335289902e-01 -1.875109879871019458e-01 5.149521850502928322e-01 0.000000000000000000e+00 0.000000000000000000e+00 0.000000000000000000e+00 1.000000000000000000e+00
7.822223848855578421e-01 -1.154640257445695428e-01 6.122060105412291398e-01 1.243927611504637820e+00 -6.229993102596103061e-01 -1.449737489256097134e-01 7.686705871428307635e-01 -2.349763798196474185e-01 1.203430114418046751e-16 -9.826752621702206092e-01 -1.853357200290552120e-01 5.097618232750471545e-01 0.000000000000000000e+00 0.000000000000000000e+00 0.000000000000000000e+00 1.000000000000000000e+00
7.845073778243342177e-01 -1.135138952296341486e-01 6.096415091912482653e-01 1.250893603770081297e+00 -6.201194837603373200e-01 -1.436053706186136703e-01 7.712517898781845460e-01 -2.220903693979259241e-01 1.203954306242967338e-16 -9.831032972782088875e-01 -1.830516508549260291e-01 5.045500404154886764e-01 0.000000000000000000e+00 0.000000000000000000e+00 0.000000000000000000e+00 1.000000000000000000e+00
7.867863546315942980e-01 -1.115088364844621094e-01 6.070691983220763976e-01 1.257683193149536249e+00 -6.172254305887978632e-01 -1.421419575715273109e-01 7.738400556524631657e-01 -2.091550231372832080e-01 1.204495657084116072e-16 -9.835453437862514692e-01 -1.806614422514787321e-01 4.993220317772530947e-01 0.000000000000000000e+00 0.000000000000000000e+00 0.000000000000000000e+00 1.000000000000000000e+00
7.890344583908330822e-01 -1.094570285085017247e-01 6.045194640224362814e-01 1.264278415269084466e+00 -6.143489427612655041e-01 -1.405803138817106057e-01 7.764100410717490464e-01 -1.961872978009100155e-01 1.205052658363632734e-16 -9.840001698470426383e-01 -1.781675215660565581e-01 4.940829926659761062e-01 0.000000000000000000e+00 0.000000000000000000e+00 0.000000000000000000e+00 1.000000000000000000e+00
7.912280339603400270e-01 -1.073660147675001009e-01 6.020222065241446208e-01 1.270661305754807291e+00 -6.115212165372964082e-01 -1.389175035654138246e-01 7.789375642038957048e-01 -1.832041501519975635e-01 1.205623857844440190e-16 -9.844665896190171184e-01 -1.755720191941238795e-01 4.888381183872940183e-01 0.000000000000000000e+00 0.000000000000000000e+00 0.000000000000000000e+00 1.000000000000000000e+00
7.933446155486560958e-01 -1.052426365925357987e-01 5.996067948439265383e-01 1.276813900232784738e+00 -6.087727991459170873e-01 -1.371508043460064885e-01 7.813996006444389186e-01 -1.702225369537365696e-01 1.206207871118453125e-16 -9.849434726471844037e-01 -1.728767066140060316e-01 4.835926042468421393e-01 0.000000000000000000e+00 0.000000000000000000e+00 0.000000000000000000e+00 1.000000000000000000e+00
7.953628767026204027e-01 -1.030929752402367644e-01 5.973020448813548544e-01 1.282718234329099261e+00 -6.061335614889939993e-01 -1.352776525910877603e-01 7.837742419511583014e-01 -1.572594149693180565e-01 1.206803390974089526e-16 -9.854297515122835138e-01 -1.700829351652866361e-01 4.783516455502564990e-01 0.000000000000000000e+00 0.000000000000000000e+00 0.000000000000000000e+00 1.000000000000000000e+00
7.972625461115453449e-01 -1.009223016395227601e-01 5.951362210448269963e-01 1.288356343669831539e+00 -6.036326967351387518e-01 -1.332955812363296744e-01 7.860406194689515402e-01 -1.443317409619328529e-01 1.207409194533733041e-16 -9.859244276589612666e-01 -1.671915755812767301e-01 4.731204376031729053e-01 0.000000000000000000e+00 0.000000000000000000e+00 0.000000000000000000e+00 1.000000000000000000e+00
7.990242925009937158e-01 -9.873503252305647349e-02 5.931370611805987236e-01 1.293710263881062250e+00 -6.012987443802675358e-01 -1.312021524144511009e-01 7.881787964723034889e-01 -1.314564716947718703e-01 1.208024148094870540e-16 -9.864265753488630217e-01 -1.642029580900230823e-01 4.679041757112270550e-01 0.000000000000000000e+00 0.000000000000000000e+00 0.000000000000000000e+00 1.000000000000000000e+00
8.006295815763657675e-01 -9.653469134639487692e-02 5.913318243351272097e-01 1.298762030588873184e+00 -5.991596390819841078e-01 -1.289948863356137065e-01 7.901696312782520160e-01 -1.186505639310260901e-01 1.208647209641049687e-16 -9.869353437109842364e-01 -1.611168126983699433e-01 4.627080551800546449e-01 0.000000000000000000e+00 0.000000000000000000e+00 0.000000000000000000e+00 1.000000000000000000e+00
8.020605075042706034e-01 -9.432387213296165862e-02 5.897473606959480197e-01 1.303493679419345685e+00 -5.972427833820949106e-01 -1.266711877610597614e-01 7.919946135481039651e-01 -1.059309744338862436e-01 1.209277429008017981e-16 -9.874499568773331681e-01 -1.579322090738711493e-01 4.575372713152916493e-01 0.000000000000000000e+00 0.000000000000000000e+00 0.000000000000000000e+00 1.000000000000000000e+00
8.032996008109545283e-01 -9.210420414252742938e-02 5.884102029334914441e-01 1.307887245998560211e+00 -5.955751433169125253e-01 -1.242282711945444235e-01 7.936356754198073959e-01 -9.331465996654358941e-02 1.209913945694519848e-16 -9.879697121953113781e-01 -1.546474952422884908e-01 4.523970194225739316e-01 0.000000000000000000e+00 0.000000000000000000e+00 0.000000000000000000e+00 1.000000000000000000e+00
8.043296138505110493e-01 -8.987631503529157351e-02 5.873466781031155826e-01 1.311924765952598548e+00 -5.941833658754575032e-01 -1.216630857044141700e-01 7.950749784100822337e-01 -8.081857729218881736e-02 1.210555984294546715e-16 -9.884939764978628585e-01 -1.512602341246456206e-01 4.472924948075372442e-01 0.000000000000000000e+00 0.000000000000000000e+00 0.000000000000000000e+00 1.000000000000000000e+00
8.051332841644893712e-01 -8.763978998012209032e-02 5.865830392559467921e-01 1.315588274907541377e+00 -5.930939172934616144e-01 -1.189722401001596236e-01 7.962946762066455131e-01 -6.845968317401285308e-02 1.211202847496882786e-16 -9.890221803871690476e-01 -1.477671367463345709e-01 4.422288927758171173e-01 0.000000000000000000e+00 0.000000000000000000e+00 0.000000000000000000e+00 1.000000000000000000e+00
8.056930751254053336e-01 -8.539312391855136131e-02 5.861456159371993824e-01 1.318859808489470264e+00 -5.923332412544208836e-01 -1.161519290371061525e-01 7.972766525403782722e-01 -5.625493437520664997e-02 1.211853906546879367e-16 -9.895538104460970263e-01 -1.441639907591698300e-01 4.372114086330496363e-01 0.000000000000000000e+00 0.000000000000000000e+00 0.000000000000000000e+00 1.000000000000000000e+00
8.059908922284212407e-01 -8.313366392798622606e-02 5.860609828053237047e-01 1.321721402324465888e+00 -5.919279361922642479e-01 -1.131978605276902361e-01 7.980022322820408132e-01 -4.422128765896114755e-02 1.212508588992443888e-16 -9.900883992320393956e-01 -1.404455827220556230e-01 4.322452376848706646e-01 0.000000000000000000e+00 0.000000000000000000e+00 0.000000000000000000e+00 1.000000000000000000e+00
8.060078063999628339e-01 -8.085753968309701556e-02 5.863560985431263139e-01 1.324155092038610260e+00 -5.919049045432215328e-01 -1.101052004986591004e-01 7.984518951075448845e-01 -3.237569978846717433e-02 1.213166361234188677e-16 -9.906255110280305365e-01 -1.366056254348755605e-01 4.273355752369157878e-01 0.000000000000000000e+00 0.000000000000000000e+00 0.000000000000000000e+00 1.000000000000000000e+00
8.057329238446802044e-01 -7.856005548027086838e-02 5.870458015484305569e-01 1.326143873019878683e+00 -5.922790351115785334e-01 -1.068726384812765939e-01 7.986136636142332490e-01 -2.073411559931166714e-02 1.213826117758398739e-16 -9.911642431136159503e-01 -1.326402773406813729e-01 4.224875087996216583e-01 0.000000000000000000e+00 0.000000000000000000e+00 0.000000000000000000e+00 1.000000000000000000e+00
8.051759913974481098e-01 -7.623699238058981309e-02 5.881152470986434899e-01 1.327687550210693290e+00 -5.930359372560288778e-01 -1.035083914226602314e-01 7.984950782740972697e-01 -9.294756726942920294e-03 1.214485345056188727e-16 -9.917025430530342911e-01 -1.285537479116993509e-01 4.177042379263394833e-01 0.000000000000000000e+00 0.000000000000000000e+00 0.000000000000000000e+00 1.000000000000000000e+00
8.043489238319108114e-01 -7.388440539524911144e-02 5.895455057668046450e-01 1.328800247770164811e+00 -5.941572255981130146e-01 -1.000220807006173412e-01 7.981057415166691316e-01 1.959252698841909991e-03 1.215141355660924491e-16 -9.922382163632430530e-01 -1.243516062955775520e-01 4.129873539144312544e-01 0.000000000000000000e+00 0.000000000000000000e+00 0.000000000000000000e+00 1.000000000000000000e+00
8.032625499421597315e-01 -7.149848890062684981e-02 5.913182239246024263e-01 1.329496547534045447e+00 -5.956251135239508665e-01 -9.642316485202974408e-02 7.974542603933463258e-01 1.304527110087532610e-02 1.215791533574487373e-16 -9.927691269196707857e-01 -1.200394128407614586e-01 4.083383966575261925e-01 0.000000000000000000e+00 0.000000000000000000e+00 0.000000000000000000e+00 1.000000000000000000e+00
8.019267708756246948e-01 -6.907563105601158271e-02 5.934155469375631542e-01 1.329791031338088514e+00 -5.974223415248156588e-01 -9.272100139000673258e-02 7.965484051507736307e-01 2.398065690199042629e-02 1.216433333019528724e-16 -9.932931959373567654e-01 -1.156227784848291029e-01 4.037589060492528525e-01 0.000000000000000000e+00 0.000000000000000000e+00 0.000000000000000000e+00 1.000000000000000000e+00
8.003507160525866748e-01 -6.661246934186812463e-02 5.958200317564781301e-01 1.329698281018044881e+00 -5.995320936481315366e-01 -8.892491011012519653e-02 7.953952659199036157e-01 3.478276852501999833e-02 1.217064278108007067e-16 -9.938084017002899451e-01 -1.111074286891527568e-01 3.992504219832401224e-01 0.000000000000000000e+00 0.000000000000000000e+00 0.000000000000000000e+00 1.000000000000000000e+00
7.985428875815344663e-01 -6.410594501960649449e-02 5.985145649907677168e-01 1.329232878409667862e+00 -6.019379176401372655e-01 -8.504422955741430812e-02 7.940013994484148574e-01 4.546896439279687202e-02 1.217681964832148286e-16 -9.943127811871519395e-01 -1.064992636963795897e-01 3.948144843531164461e-01 0.000000000000000000e+00 0.000000000000000000e+00 0.000000000000000000e+00 1.000000000000000000e+00
7.965112949961234978e-01 -6.155335719822901258e-02 6.014822866562453685e-01 1.328409405348709438e+00 -6.046236490111832618e-01 -8.108836684357617619e-02 7.923729676225983454e-01 5.605660292815390494e-02 1.218284065305850204e-16 -9.948044335346868383e-01 -1.018044155217795732e-01 3.904526330525108779e-01 0.000000000000000000e+00 0.000000000000000000e+00 0.000000000000000000e+00 1.000000000000000000e+00
7.942635818840334538e-01 -5.895241700900737125e-02 6.047065197445298246e-01 1.327242443670921368e+00 -6.075733391885668189e-01 -7.706684094603315216e-02 7.905158692485898531e-01 6.656304255392397895e-02 1.218868334179548349e-16 -9.952815252758362430e-01 -9.702930198968286180e-02 3.861664079750519729e-01 0.000000000000000000e+00 0.000000000000000000e+00 0.000000000000000000e+00 1.000000000000000000e+00
7.918071457488777831e-01 -5.630130222477983809e-02 6.081707057305616448e-01 1.325746575212057410e+00 -6.107711878772732472e-01 -7.298931957069612619e-02 7.884358663122773558e-01 7.700564169293995509e-02 1.219432617142012504e-16 -9.957422972819829354e-01 -9.218067803829176066e-02 3.819573490143687855e-01 0.000000000000000000e+00 0.000000000000000000e+00 0.000000000000000000e+00 1.000000000000000000e+00
7.891492522396477138e-01 -5.359871251135472220e-02 6.118583461118514144e-01 1.323936381807868212e+00 -6.142014797194851328e-01 -6.886564962145871882e-02 7.861387057082289687e-01 8.740175876803463195e-02 1.219974861408170846e-16 -9.961850733269093094e-01 -8.726568443930506069e-02 3.778269960640897041e-01 0.000000000000000000e+00 0.000000000000000000e+00 0.000000000000000000e+00 1.000000000000000000e+00
7.862971446947385479e-01 -5.084392536177400473e-02 6.157529500527850752e-01 1.321826445294106422e+00 -6.178485253238865660e-01 -6.470588129360357876e-02 7.836302372172201380e-01 9.776875220204095385e-02 1.220493128072745673e-16 -9.966082701743069761e-01 -8.229189401256700731e-02 3.737768890178435055e-01 0.000000000000000000e+00 0.000000000000000000e+00 0.000000000000000000e+00 1.000000000000000000e+00
7.832581497764147249e-01 -4.803685263772597414e-02 6.198379881852104090e-01 1.319431347506525354e+00 -6.216966067213393066e-01 -6.052028579749395981e-02 7.809165283166711324e-01 1.081239804177916153e-01 1.220985606185226531e-16 -9.970104090708636901e-01 -7.726735536013221162e-02 3.698085677692592999e-01 0.000000000000000000e+00 0.000000000000000000e+00 0.000000000000000000e+00 1.000000000000000000e+00
7.800397798142595374e-01 -4.517809752496607101e-02 6.240968525888799245e-01 1.316765670280876543e+00 -6.257299272907773657e-01 -5.631936672484805229e-02 7.780039762265940073e-01 1.184848018381195051e-01 1.221450628372676926e-16 -9.973901285032535924e-01 -7.220063409876167904e-02 3.659235722119656420e-01 0.000000000000000000e+00 0.000000000000000000e+00 0.000000000000000000e+00 1.000000000000000000e+00
7.766498323307254870e-01 -4.226901160075510755e-02 6.285128229391594434e-01 1.313843995452912417e+00 -6.299325661851877811e-01 -5.211386509403169442e-02 7.748994174241616850e-01 1.288685748858575397e-01 1.221886687803389866e-16 -9.977461980500132999e-01 -6.710085153516090473e-02 3.621234422395913088e-01 0.000000000000000000e+00 0.000000000000000000e+00 0.000000000000000000e+00 1.000000000000000000e+00
7.730964870868100025e-01 -3.931175161124894624e-02 6.330690387621947801e-01 1.310680904858384732e+00 -6.342884372696966366e-01 -4.791475815436230939e-02 7.716102347020644681e-01 1.392926579838384415e-01 1.222292456246944682e-16 -9.980775331286966257e-01 -6.197772070458514720e-02 3.584097177457648553e-01 0.000000000000000000e+00 0.000000000000000000e+00 0.000000000000000000e+00 1.000000000000000000e+00
7.693884008600408997e-01 -3.630933546625216696e-02 6.377484776775466102e-01 1.307290980333046582e+00 -6.387812525599269042e-01 -4.373325209328970953e-02 7.681444616993053920e-01 1.497744095548952381e-01 1.222666802945401457e-16 -9.983832104053753653e-01 -5.684157968121634347e-02 3.547839386241153359e-01 0.000000000000000000e+00 0.000000000000000000e+00 0.000000000000000000e+00 1.000000000000000000e+00
7.655348000496214889e-01 -3.326569687899145339e-02 6.425339394336622156e-01 1.303688803712650390e+00 -6.433944901170556285e-01 -3.958076887499768770e-02 7.645108846983658113e-01 1.603311880218606655e-01 1.223008813967016763e-16 -9.986624835981469106e-01 -5.170342206837887089e-02 3.512476447682714720e-01 0.000000000000000000e+00 0.000000000000000000e+00 0.000000000000000000e+00 1.000000000000000000e+00
7.615455710943763723e-01 -3.018573801110729926e-02 6.474080354515727720e-01 1.299888956832947473e+00 -6.481113663148796444e-01 -3.546892754447637797e-02 7.607191413605316477e-01 1.709803518075675988e-01 1.223317811668877426e-16 -9.989147993695806083e-01 -4.657492458856507533e-02 3.478023760718618185e-01 0.000000000000000000e+00 0.000000000000000000e+00 0.000000000000000000e+00 1.000000000000000000e+00
7.574313485879782260e-01 -2.707537942960616673e-02 6.523531834864756407e-01 1.295906021529691143e+00 -6.529148123424650674e-01 -3.140952045692182309e-02 7.567798159626548671e-01 1.817392593348488850e-01 1.223593373849298225e-16 -9.991398129658376481e-01 -4.146847171757034323e-02 3.444496724285153189e-01 0.000000000000000000e+00 0.000000000000000000e+00 0.000000000000000000e+00 1.000000000000000000e+00
7.532036008829514628e-01 -2.394160664475107614e-02 6.573516068955972402e-01 1.291754579638632716e+00 -6.577874547427579044e-01 -2.741448503727087968e-02 7.527045306049284790e-01 1.926252690265372602e-01 1.223835352125838719e-16 -9.993374032234605409e-01 -3.639717734372733410e-02 3.411910737318605835e-01 0.000000000000000000e+00 0.000000000000000000e+00 0.000000000000000000e+00 1.000000000000000000e+00
7.488747128904603700e-01 -2.079251247729178853e-02 6.623853378646845647e-01 1.287449212995525505e+00 -6.627115997122960955e-01 -2.349587183695468415e-02 7.485060317815688258e-01 2.036557393054660436e-01 1.224043889031497526e-16 -9.995076865294749702e-01 -3.137490348187441103e-02 3.380281198755265559e-01 0.000000000000000000e+00 0.000000000000000000e+00 0.000000000000000000e+00 1.000000000000000000e+00
