7.027572670042776526e-01 -1.861744130891927473e-01 6.866376858165978980e-01 -1.130432912548485103e+00 -7.114297039572345938e-01 -1.839049185055554037e-01 6.782674673584062619e-01 3.727106270730410342e-01 1.181970108124400304e-16 -9.651518372050895689e-01 -2.616905255060648083e-01 3.603648431986778977e-01 0.000000000000000000e+00 0.000000000000000000e+00 0.000000000000000000e+00 1.000000000000000000e+00
6.949204338839064521e-01 -1.807674829358899005e-01 6.959947612472566769e-01 -1.123081490265327886e+00 -7.190866363454427868e-01 -1.746924658652175832e-01 6.726046028680793265e-01 3.871126997845159567e-01 1.185319978850669306e-16 -9.678872142367377363e-01 -2.513848454403078136e-01 3.608953744935141095e-01 0.000000000000000000e+00 0.000000000000000000e+00 0.000000000000000000e+00 1.000000000000000000e+00
6.875389638091493616e-01 -1.757864280265427070e-01 7.045490082073143645e-01 -1.115608494201917766e+00 -7.261474872532723834e-01 -1.664400424137613688e-01 6.670888539295676267e-01 3.996984303496206037e-01 1.188220992139282038e-16 -9.702560713558944228e-01 -2.420808873022105290e-01 3.612465017315503735e-01 0.000000000000000000e+00 0.000000000000000000e+00 0.000000000000000000e+00 1.000000000000000000e+00
6.806118053769525389e-01 -1.712715579006978683e-01 7.123437539810347774e-01 -1.108031493459306516e+00 -7.326442317943444582e-01 -1.591078441265047216e-01 6.617530684144129483e-01 4.105298090170604874e-01 1.190713664760498236e-16 -9.722914930162064318e-01 -2.337717960069524981e-01 3.614314179000037153e-01 0.000000000000000000e+00 0.000000000000000000e+00 0.000000000000000000e+00 1.000000000000000000e+00
6.741357028773428128e-01 -1.672539101623561619e-01 7.194214228402386890e-01 -1.100368057138547018e+00 -7.386075101879691074e-01 -1.526545976463056786e-01 6.566243368253826818e-01 4.196688260355415090e-01 1.192835342948403845e-16 -9.740239747320633690e-01 -2.264449086359704155e-01 3.614633159860922706e-01 0.000000000000000000e+00 0.000000000000000000e+00 0.000000000000000000e+00 1.000000000000000000e+00
6.681054604209938352e-01 -1.637561023418022399e-01 7.258230037009526514e-01 -1.092635754340689935e+00 -7.440665922856984915e-01 -1.470383797446568330e-01 6.517243444328394419e-01 4.271774716537689587e-01 1.194619980853256782e-16 -9.754812421712103498e-01 -2.200825894343137745e-01 3.613553889770328431e-01 0.000000000000000000e+00 0.000000000000000000e+00 0.000000000000000000e+00 1.000000000000000000e+00
6.625141797798981269e-01 -1.607931716378517284e-01 7.315876690767887380e-01 -1.084852154166786820e+00 -7.490493719312290022e-01 -1.422172692665180926e-01 6.470697696012431832e-01 4.331177361204482379e-01 1.196098055486814008e-16 -9.766881817023358447e-01 -2.146629817248073002e-01 3.611208298600429023e-01 0.000000000000000000e+00 0.000000000000000000e+00 0.000000000000000000e+00 1.000000000000000000e+00
6.573534727259765509e-01 -1.583733800012199489e-01 7.367525258878235839e-01 -1.077034825717889222e+00 -7.535823856056474979e-01 -1.381498470767501541e-01 6.426727066381237030e-01 4.375516096842849700e-01 1.197296592683905390e-16 -9.776668615943060470e-01 -2.101606712502133989e-01 3.607728316223399734e-01 0.000000000000000000e+00 0.000000000000000000e+00 0.000000000000000000e+00 1.000000000000000000e+00
6.526136491435986509e-01 -1.564989696649979889e-01 7.413524785453070587e-01 -1.069201338095049136e+00 -7.576908505132392557e-01 -1.347955615553565467e-01 6.385410962761129960e-01 4.405410825939847230e-01 1.198239280935600229e-16 -9.784366249679997685e-01 -2.065472607449197473e-01 3.603245872511413594e-01 0.000000000000000000e+00 0.000000000000000000e+00 0.000000000000000000e+00 1.000000000000000000e+00
6.482838825228632862e-01 -1.551668604959134667e-01 7.454201855765136830e-01 -1.061369260399318337e+00 -7.613987179271334282e-01 -1.321149778594730428e-01 6.346791511969718247e-01 4.421481450982529537e-01 1.198946652775250480e-16 -9.790142379092516833e-01 -2.037918594325281718e-01 3.597892897336644746e-01 0.000000000000000000e+00 0.000000000000000000e+00 0.000000000000000000e+00 1.000000000000000000e+00
6.443523546433664873e-01 -1.543692854782620083e-01 7.489860925053816176e-01 -1.053556161731747709e+00 -7.647287382239202902e-01 -1.300699288659490360e-01 6.310877676989610219e-01 4.424347874457953411e-01 1.199436316363490602e-16 -9.794140785723564058e-01 -2.018614938373889112e-01 3.591801320571266776e-01 0.000000000000000000e+00 0.000000000000000000e+00 0.000000000000000000e+00 1.000000000000000000e+00
6.408063813612091542e-01 -1.540943643733539981e-01 7.520785254713263646e-01 -1.045779611193389469e+00 -7.677025345840355897e-01 -1.286235847531069509e-01 6.277649176550946786e-01 4.414629998853171755e-01 1.199723222777899190e-16 -9.796483554386401504e-01 -2.007214479978851052e-01 3.585103072087453269e-01 0.000000000000000000e+00 0.000000000000000000e+00 0.000000000000000000e+00 1.000000000000000000e+00
6.376325214388480767e-01 -1.543266182800787090e-01 7.547238319370680459e-01 -1.038057177885294946e+00 -7.703406828173732235e-01 -1.277404568315992084e-01 6.247060173272844796e-01 4.392947726655240248e-01 1.199819957115097062e-16 -9.797273450193626498e-01 -2.003355420820549238e-01 3.577930081757378367e-01 0.000000000000000000e+00 0.000000000000000000e+00 0.000000000000000000e+00 1.000000000000000000e+00
6.348166703276686418e-01 -1.550474296263707197e-01 7.569465566606058404e-01 -1.030406430908515247e+00 -7.726627951921150039e-01 -1.273863496867394529e-01 6.219042714432789776e-01 4.359920960351214014e-01 1.199737043776689419e-16 -9.796596411406073290e-01 -2.006663587157963002e-01 3.570414279453213990e-01 0.000000000000000000e+00 0.000000000000000000e+00 0.000000000000000000e+00 1.000000000000000000e+00
6.323441407426588778e-01 -1.562354532104026361e-01 7.587696427958674494e-01 -1.022844939364103256e+00 -7.746876065024070890e-01 -1.275282740870401221e-01 6.193509922813980051e-01 4.316169602428149843e-01 1.199483258207064680e-16 -9.794524094965109118e-01 -2.016754261963492889e-01 3.562687595047137612e-01 0.000000000000000000e+00 0.000000000000000000e+00 0.000000000000000000e+00 1.000000000000000000e+00
6.301997317697657364e-01 -1.578669844319885163e-01 7.602146494929347131e-01 -1.015390272353109857e+00 -7.764330609120887461e-01 -1.281343315384731174e-01 6.170358944209594076e-01 4.262313555373103413e-01 1.199065938888273234e-16 -9.791116424124161055e-01 -2.033233673055339086e-01 3.554881958411320597e-01 0.000000000000000000e+00 0.000000000000000000e+00 0.000000000000000000e+00 1.000000000000000000e+00
6.283677881290870015e-01 -1.599162909368981311e-01 7.613019786751800133e-01 -1.008059998976586158e+00 -7.779163983628053503e-01 -1.291735798773604171e-01 6.149473663817972557e-01 4.198972721673125963e-01 1.198491294606039057e-16 -9.786424097466105421e-01 -2.055700217574232269e-01 3.547129299417936532e-01 0.000000000000000000e+00 0.000000000000000000e+00 0.000000000000000000e+00 1.000000000000000000e+00
6.268322510883721499e-01 -1.623559136470100195e-01 7.620511047819094053e-01 -1.000871688335584819e+00 -7.791542395414942090e-01 -1.306158879258013106e-01 6.130727206668639129e-01 4.126767003815277057e-01 1.197764702925895356e-16 -9.780491026145872180e-01 -2.083745494891371397e-01 3.539561547939161223e-01 0.000000000000000000e+00 0.000000000000000000e+00 0.000000000000000000e+00 1.000000000000000000e+00
6.255767023867766508e-01 -1.651569426559716114e-01 7.624808021999101015e-01 -9.938429095311566153e-01 -7.801626685703990649e-01 -1.324317859919257601e-01 6.113984238024354756e-01 4.046316304286609045e-01 1.196890996510384967e-16 -9.773356671847810428e-01 -2.116955210874314208e-01 3.532310633847166037e-01 0.000000000000000000e+00 0.000000000000000000e+00 0.000000000000000000e+00 1.000000000000000000e+00
6.245844023924499444e-01 -1.682892728053939357e-01 7.626093658923275287e-01 -9.869912316643535410e-01 -7.809573127182215524e-01 -1.345923178801736730e-01 6.099103078974613679e-01 3.958240525574179269e-01 1.195874734419451306e-16 -9.765058262121502075e-01 -2.154910006792070953e-01 3.525508487014125669e-01 0.000000000000000000e+00 0.000000000000000000e+00 0.000000000000000000e+00 1.000000000000000000e+00
6.238383235821519657e-01 -1.717218429792973511e-01 7.624548213986214185e-01 -9.803342238362267036e-01 -7.815534185391361799e-01 -1.370688990739513391e-01 6.085937650653716613e-01 3.863159570165041190e-01 1.194720455916644127e-16 -9.755632862866706612e-01 -2.197186256318555964e-01 3.519287037312215372e-01 0.000000000000000000e+00 0.000000000000000000e+00 0.000000000000000000e+00 1.000000000000000000e+00
6.233211802986432515e-01 -1.754228623126963538e-01 7.620351209551480265e-01 -9.738894551478286532e-01 -7.819659239321790078e-01 -1.398331848506483011e-01 6.074339258087402271e-01 3.761693340546250486e-01 1.193432914599137980e-16 -9.745119290150046076e-01 -2.243356864331994827e-01 3.513778214613607620e-01 0.000000000000000000e+00 0.000000000000000000e+00 0.000000000000000000e+00 1.000000000000000000e+00
6.230154556134701593e-01 -1.793600256439300267e-01 7.613683229999451685e-01 -9.676744947002100528e-01 -7.822095256814124431e-01 -1.428569512728093960e-01 6.064158221932356430e-01 3.654461739204862281e-01 1.192017290919355100e-16 -9.733559845575753267e-01 -2.292992091699251334e-01 3.509113948790474891e-01 0.000000000000000000e+00 0.000000000000000000e+00 0.000000000000000000e+00 1.000000000000000000e+00
6.229034259998836864e-01 -1.835007196835120868e-01 7.604727528013350835e-01 -9.617069115944231195e-01 -7.822987420912853596e-01 -1.461119912563609846e-01 6.055245363595876951e-01 3.542084668627932809e-01 1.190479381402684110e-16 -9.721001861365597962e-01 -2.345660421145093488e-01 3.505426169714992990e-01 0.000000000000000000e+00 0.000000000000000000e+00 0.000000000000000000e+00 1.000000000000000000e+00
6.229671844036851480e-01 -1.878122205539666523e-01 7.593671424065786546e-01 -9.560042749315192934e-01 -7.822479703752160951e-01 -1.495700272369994976e-01 6.047453346625986104e-01 3.425182031302516639e-01 1.188825763114249508e-16 -9.707499043331972999e-01 -2.400929470790189313e-01 3.502846807259335504e-01 0.000000000000000000e+00 0.000000000000000000e+00 0.000000000000000000e+00 1.000000000000000000e+00
6.231886621893119038e-01 -1.922618826003692494e-01 7.580707485569255777e-01 -9.505841538125497925e-01 -7.820715384916495649e-01 -1.532026413322827851e-01 6.040637875010520519e-01 3.304373729715667785e-01 1.187063932204955754e-16 -9.693112602192206495e-01 -2.458366954143060001e-01 3.501507791295676020e-01 0.000000000000000000e+00 0.000000000000000000e+00 0.000000000000000000e+00 1.000000000000000000e+00
6.235496503349183817e-01 -1.968173177014160835e-01 7.566034476659625474e-01 -9.454641173385668340e-01 -7.817837511532207406e-01 -1.569812233261956014e-01 6.034658747235092102e-01 3.180279666354444146e-01 1.185202415682307116e-16 -9.677912166246556147e-01 -2.517541678387252846e-01 3.501541051696187568e-01 0.000000000000000000e+00 0.000000000000000000e+00 0.000000000000000000e+00 1.000000000000000000e+00
6.240318201540725473e-01 -2.014465637433086598e-01 7.549858074104496275e-01 -9.406617346106218580e-01 -7.813989297632774056e-01 -1.608769362847779216e-01 6.029380763697282930e-01 3.053519743705898626e-01 1.183250855906584336e-16 -9.661976471341857664e-01 -2.578024566841120024e-01 3.503078518333044844e-01 0.000000000000000000e+00 0.000000000000000000e+00 0.000000000000000000e+00 1.000000000000000000e+00
6.246167437334357864e-01 -2.061182404669878454e-01 7.532391349330120889e-01 -9.361945747297661935e-01 -7.809314460615858211e-01 -1.648606991482351736e-01 6.024674484389307416e-01 2.924713864257087459e-01 1.181220067702957178e-16 -9.645393827227315420e-01 -2.639389686591427364e-01 3.506252121078421435e-01 0.000000000000000000e+00 0.000000000000000000e+00 0.000000000000000000e+00 1.000000000000000000e+00
6.252859141960231959e-01 -2.108016905722442935e-01 7.513855020959129272e-01 -9.320802067970519467e-01 -7.803957492888101699e-01 -1.689031852411488899e-01 6.020416833636610399e-01 2.794481930495064659e-01 1.179122068394229886e-16 -9.628262362790483975e-01 -2.701215258596065261e-01 3.511193789804491483e-01 0.000000000000000000e+00 0.000000000000000000e+00 0.000000000000000000e+00 1.000000000000000000e+00
6.260207658289279609e-01 -2.154671037641462394e-01 7.494477486432614688e-01 -9.283361999135303355e-01 -7.798063867082407619e-01 -1.729748353033674912e-01 6.016491549074182155e-01 2.663443844906888125e-01 1.176970081481971854e-16 -9.610690056115969160e-01 -2.763084625065553301e-01 3.518035454383428573e-01 0.000000000000000000e+00 0.000000000000000000e+00 0.000000000000000000e+00 1.000000000000000000e+00
6.268026940533945046e-01 -2.200856213572502940e-01 7.474494645119492686e-01 -9.249801231802526891e-01 -7.791780173538050969e-01 -1.770458833754548489e-01 6.012789472885261555e-01 2.532219509979609651e-01 1.174778515117321713e-16 -9.592794558686211781e-01 -2.824587147680207577e-01 3.526909044687405181e-01 0.000000000000000000e+00 0.000000000000000000e+00 0.000000000000000000e+00 1.000000000000000000e+00
6.276130751644939387e-01 -2.246294191054666045e-01 7.454149528651192735e-01 -9.220295456982711135e-01 -7.785254189058744556e-01 -1.810863936791263507e-01 6.009208684525120248e-01 2.401428828200286580e-01 1.172562916886868643e-16 -9.574702826180190307e-01 -2.885319010150713126e-01 3.537946490588596005e-01 0.000000000000000000e+00 0.000000000000000000e+00 0.000000000000000000e+00 1.000000000000000000e+00
6.284332857280380269e-01 -2.290717660899327934e-01 7.433691756923347382e-01 -9.195020365686371600e-01 -7.778634876307424229e-01 -1.850663065185009504e-01 6.005654475596627906e-01 2.271691702055973483e-01 1.170339906773694896e-16 -9.556550571058782806e-01 -2.944883899714225151e-01 3.551279721959176294e-01 0.000000000000000000e+00 0.000000000000000000e+00 0.000000000000000000e+00 1.000000000000000000e+00
6.292447214943421852e-01 -2.333870577595578144e-01 7.413376840157557268e-01 -9.174151648924023794e-01 -7.772072313556452894e-01 -1.889554911939514414e-01 6.002039169116983874e-01 2.143628034033726593e-01 1.168127090420454769e-16 -9.538481554304067966e-01 -3.002893544267106751e-01 3.567040668671319081e-01 0.000000000000000000e+00 0.000000000000000000e+00 0.000000000000000000e+00 1.000000000000000000e+00
6.300288266287799033e-01 -2.375508163000976947e-01 7.393465272062350602e-01 -9.157864737674991096e-01 -7.765717465996061497e-01 -1.927238052550795944e-01 5.998281897937436380e-01 2.017857263241285559e-01 1.165942956292825069e-16 -9.520646745695166002e-01 -3.058968052086202816e-01 3.585361148689796829e-01 0.000000000000000000e+00 0.000000000000000000e+00 0.000000000000000000e+00 1.000000000000000000e+00
6.307711962987483378e-01 -2.415376859313652924e-01 7.374193136843969487e-01 -9.146237736240070415e-01 -7.759688769015455900e-01 -1.963416570449506016e-01 5.994349470868353125e-01 1.894825391249630453e-01 1.163807246675972834e-16 -9.503207353224299991e-01 -3.112723887790818100e-01 3.606331094329309761e-01 0.000000000000000000e+00 0.000000000000000000e+00 0.000000000000000000e+00 1.000000000000000000e+00
6.314676853291389946e-01 -2.453183048317114368e-01 7.355729003297735158e-01 -9.139105911120798398e-01 -7.754021939516675399e-01 -1.997809437854195513e-01 5.990317288050338584e-01 1.774545679189256653e-01 1.161741616099350321e-16 -9.486340199543249474e-01 -3.163755619280627651e-01 3.629935929878194689e-01 0.000000000000000000e+00 0.000000000000000000e+00 0.000000000000000000e+00 1.000000000000000000e+00
6.321157264405078413e-01 -2.488633145035425154e-01 7.338233841197076002e-01 -9.136267281517961303e-01 -7.748739951673363491e-01 -2.030141878717039994e-01 5.986280407199476850e-01 1.656965012966601092e-01 1.159768509598269953e-16 -9.470228562274003448e-01 -3.211661716041971926e-01 3.656145049822591142e-01 0.000000000000000000e+00 0.000000000000000000e+00 0.000000000000000000e+00 1.000000000000000000e+00
6.327127664599221379e-01 -2.521440555527386662e-01 7.321870870262937592e-01 -9.137519866632335397e-01 -7.743865670055440908e-01 -2.060143728371976457e-01 5.982336692512919551e-01 1.542030278488099038e-01 1.157910804123434198e-16 -9.455059245895361952e-01 -3.256048933386696542e-01 3.684927848648634763e-01 0.000000000000000000e+00 0.000000000000000000e+00 0.000000000000000000e+00 1.000000000000000000e+00
6.332562740519039890e-01 -2.551324997011041318e-01 7.306804356010676571e-01 -9.142661685664706939e-01 -7.739421757301381266e-01 -2.087549447707122141e-01 5.978585799834915671e-01 1.429688361660188811e-01 1.156191618339266468e-16 -9.441021028628434619e-01 -3.296531804335535165e-01 3.716253720842463970e-01 0.000000000000000000e+00 0.000000000000000000e+00 0.000000000000000000e+00 1.000000000000000000e+00
6.337437478523925138e-01 -2.578011652359252781e-01 7.293198346822896694e-01 -9.151490757815858856e-01 -7.735430576625992316e-01 -2.112098027884979912e-01 5.975128091916026563e-01 1.319886148389306235e-01 1.154634111509171315e-16 -9.428303020210173635e-01 -3.332731936279260676e-01 3.750092060890216072e-01 0.000000000000000000e+00 0.000000000000000000e+00 0.000000000000000000e+00 1.000000000000000000e+00
6.341727249758067897e-01 -2.601230169048079355e-01 7.281215358531161197e-01 -9.163805102286571858e-01 -7.731914089646623189e-01 -2.133532790804578139e-01 5.972063491029349080e-01 1.212570524581887271e-01 1.153261272608794712e-16 -9.417092939872460100e-01 -3.364277123217448429e-01 3.786412263278028933e-01 0.000000000000000000e+00 0.000000000000000000e+00 0.000000000000000000e+00 1.000000000000000000e+00
6.345407898603899755e-01 -2.620713516692556588e-01 7.271015009182705269e-01 -9.179402738277626650e-01 -7.728893750100025439e-01 -2.151601094087202959e-01 5.969490274017331677e-01 1.107688376144369269e-01 1.152095700297694471e-16 -9.407575319674442715e-01 -3.390800289703349013e-01 3.825183722492039307e-01 0.000000000000000000e+00 0.000000000000000000e+00 0.000000000000000000e+00 1.000000000000000000e+00
6.348455834120373398e-01 -2.636196721274448040e-01 7.262752602764659393e-01 -9.198081684989810602e-01 -7.726390394111792848e-01 -2.166053952932271431e-01 5.967503812379468808e-01 1.005186588983187773e-01 1.151159373820032969e-16 -9.399929633764730896e-01 -3.411938287875627140e-01 3.866375833018386166e-01 0.000000000000000000e+00 0.000000000000000000e+00 0.000000000000000000e+00 1.000000000000000000e+00
6.350854586984001626e-01 -2.647462225293483740e-01 7.256554952636157241e-01 -9.219639961623898872e-01 -7.724418814058715554e-01 -2.176687725265565587e-01 5.966186766410682685e-01 9.050120490047801336e-02 1.150470606203874342e-16 -9.394305419365622800e-01 -3.427393424700133084e-01 3.909957989343203488e-01 0.000000000000000000e+00 0.000000000000000000e+00 0.000000000000000000e+00 1.000000000000000000e+00
6.352630544473707452e-01 -2.654595367796671601e-01 7.252393301434508777e-01 -9.243875587380682157e-01 -7.722958316954693370e-01 -2.183575635732968312e-01 5.965560516633260368e-01 8.071116421155828669e-02 1.150028250607167052e-16 -9.390693311801096010e-01 -3.437277865360055529e-01 3.955899585952633024e-01 0.000000000000000000e+00 0.000000000000000000e+00 0.000000000000000000e+00 1.000000000000000000e+00
6.353827440932281467e-01 -2.657797449028150849e-01 7.250171692504624454e-01 -9.270586581460933395e-01 -7.721973637021557479e-01 -2.186900287138049681e-01 5.965617343013175367e-01 7.114322542220316570e-02 1.149822567889420887e-16 -9.389013784953932351e-01 -3.441862888893895134e-01 4.004170017332808196e-01 0.000000000000000000e+00 0.000000000000000000e+00 0.000000000000000000e+00 1.000000000000000000e+00
6.354489308182413865e-01 -2.657263385924159005e-01 7.249787371366297473e-01 -9.299570963065441065e-01 -7.721428989001672960e-01 -2.186842849805559208e-01 5.966343328878996877e-01 6.179207712305637146e-02 1.149842718425434932e-16 -9.389178326567303445e-01 -3.441414004725211750e-01 4.054738677969868532e-01 0.000000000000000000e+00 0.000000000000000000e+00 0.000000000000000000e+00 1.000000000000000000e+00
6.354660324716200348e-01 -2.653182191567794446e-01 7.251132078222358723e-01 -9.330626751394985874e-01 -7.721288244682864566e-01 -2.183582722560559186e-01 5.967719358034292432e-01 5.265240790476149318e-02 1.150076957158648102e-16 -9.391091030976248533e-01 -3.436191095954569397e-01 4.107574962349952452e-01 0.000000000000000000e+00 0.000000000000000000e+00 0.000000000000000000e+00 1.000000000000000000e+00
6.354384716524605903e-01 -2.645737785147659893e-01 7.254093082297777828e-01 -9.363551965650349640e-01 -7.721515063405530732e-01 -2.177297539125579995e-01 5.969721982782715264e-01 4.371890635796227276e-02 1.150512794575165342e-16 -9.394649913560360055e-01 -3.426449036778505541e-01 4.162648264959195044e-01 0.000000000000000000e+00 0.000000000000000000e+00 0.000000000000000000e+00 1.000000000000000000e+00
6.353706663975560165e-01 -2.635109783861726562e-01 7.258554129793947096e-01 -9.398144625032313071e-01 -7.722073013650709861e-01 -2.168163207526332958e-01 5.972324227415702902e-01 3.498626107330231327e-02 1.151137144880153270e-16 -9.399748120695858855e-01 -3.412438317021228018e-01 4.219927980283734170e-01 0.000000000000000000e+00 0.000000000000000000e+00 0.000000000000000000e+00 1.000000000000000000e+00
6.352670214869535759e-01 -2.621474262821449908e-01 7.264396315625557543e-01 -9.434202748741660205e-01 -7.722925685328678735e-01 -2.156353970893371275e-01 5.975496331778887837e-01 2.644916064142523865e-02 1.151936462702094217e-16 -9.406275046030555531e-01 -3.394405656138180238e-01 4.279383502809707696e-01 0.000000000000000000e+00 0.000000000000000000e+00 0.000000000000000000e+00 1.000000000000000000e+00
6.351319203762095800e-01 -2.605004471622643369e-01 7.271498887763708785e-01 -9.471524355979172860e-01 -7.724036792501886017e-01 -2.142042479984600234e-01 5.979206439153829100e-01 1.810229365297466586e-02 1.152896869490305560e-16 -9.414117362597911320e-01 -3.372594592184560702e-01 4.340984227023254038e-01 0.000000000000000000e+00 0.000000000000000000e+00 0.000000000000000000e+00 1.000000000000000000e+00
6.349697177605612142e-01 -2.585871498535816104e-01 7.279739991632081519e-01 -9.509907465945635074e-01 -7.725370266382531881e-01 -2.125399869486416793e-01 5.983421232211535434e-01 9.940348698594364540e-03 1.154004270600712883e-16 -9.423159978894939393e-01 -3.347246034003587556e-01 4.404699547410509397e-01 0.000000000000000000e+00 0.000000000000000000e+00 0.000000000000000000e+00 1.000000000000000000e+00
6.347847327726849898e-01 -2.564244875281743163e-01 7.288997360643121315e-01 -9.549150097841825335e-01 -7.726890338543124237e-01 -2.106595831702141042e-01 5.988106520260313426e-01 1.958014368927925644e-03 1.155244463892333727e-16 -9.433286925639784437e-01 -3.318598767334417499e-01 4.470498858457611080e-01 0.000000000000000000e+00 0.000000000000000000e+00 0.000000000000000000e+00 1.000000000000000000e+00
6.345812428123622784e-01 -2.540293117143633261e-01 7.299148957656944603e-01 -9.589050270868532122e-01 -7.728561614367306376e-01 -2.085798682626747169e-01 5.993227780460271825e-01 -5.850020745380985279e-03 1.156603240488766244e-16 -9.444382178551713469e-01 -3.286889907717444048e-01 4.538351554650698061e-01 0.000000000000000000e+00 0.000000000000000000e+00 0.000000000000000000e+00 1.000000000000000000e+00
6.343634780032291198e-01 -2.514184194763738334e-01 7.310073570926962638e-01 -9.629406004226529481e-01 -7.730349136847873837e-01 -2.063175416655777250e-01 5.998750655140001609e-01 -1.348906805368876513e-02 1.158066478200199294e-16 -9.456330421199731218e-01 -3.252355295027363202e-01 4.608227030475905428e-01 0.000000000000000000e+00 0.000000000000000000e+00 0.000000000000000000e+00 1.000000000000000000e+00
6.341356162688512876e-01 -2.486085935410514702e-01 7.321651366985896248e-01 -9.670015317116605891e-01 -7.732218440908948942e-01 -2.038891747299817203e-01 6.004641406850227403e-01 -2.096443896535180734e-02 1.159620227955960869e-16 -9.469017750777887210e-01 -3.215229826226000398e-01 4.680094680419374376e-01 0.000000000000000000e+00 0.000000000000000000e+00 0.000000000000000000e+00 1.000000000000000000e+00
6.339017790176406653e-01 -2.456166352806130604e-01 7.333764401940523481e-01 -9.710676228739540949e-01 -7.734135598489790819e-01 -2.013112132286767331e-01 6.010867332341713887e-01 -2.828144488972630238e-02 1.161250793468244760e-16 -9.482332328608973349e-01 -3.175747724523649840e-01 4.753923898967237216e-01 0.000000000000000000e+00 0.000000000000000000e+00 0.000000000000000000e+00 1.000000000000000000e+00
6.336660274236344259e-01 -2.424593905790248527e-01 7.346297091795278567e-01 -9.751186758296116475e-01 -7.736067254678891114e-01 -1.985999782342163511e-01 6.017397136272617519e-01 -3.544539723616868532e-02 1.162944804236455655e-16 -9.496164976270244917e-01 -3.134142744588754859e-01 4.829684080605634033e-01 0.000000000000000000e+00 0.000000000000000000e+00 0.000000000000000000e+00 1.000000000000000000e+00
6.334323592878845499e-01 -2.391537687175271376e-01 7.359136641720873673e-01 -9.791344924987114284e-01 -7.737980655229013127e-01 -1.957716653749491664e-01 6.024201265141584383e-01 -4.246160741403533223e-02 1.164689281909912153e-16 -9.510409717486005832e-01 -3.090648314763061455e-01 4.907344619820701581e-01 0.000000000000000000e+00 0.000000000000000000e+00 0.000000000000000000e+00 1.000000000000000000e+00
6.332047064631651789e-01 -2.357167545126435948e-01 7.372173433628124162e-01 -9.830948748013319527e-01 -7.739843665817138785e-01 -1.928423425512053591e-01 6.031252201711240213e-01 -4.933538683268259839e-02 1.166471699955023085e-16 -9.524964265347086734e-01 -3.045497618429709452e-01 4.986874911098579943e-01 0.000000000000000000e+00 0.000000000000000000e+00 0.000000000000000000e+00 1.000000000000000000e+00
6.329869328228976411e-01 -2.321654140278575917e-01 7.385301370998571535e-01 -9.869796246575514020e-01 -7.741624783438295632e-01 -1.898279462567590004e-01 6.038524720032870663e-01 -5.607204690146676274e-02 1.168280036521618533e-16 -9.539730453997190551e-01 -2.998923617746632742e-01 5.068244348925403653e-01 0.000000000000000000e+00 0.000000000000000000e+00 0.000000000000000000e+00 1.000000000000000000e+00
6.327828327536186848e-01 -2.285168942578101603e-01 7.398418179658883265e-01 -9.907685439874475142e-01 -7.743293140339619907e-01 -1.867442767046969265e-01 6.045996101104710307e-01 -6.267689902974424299e-02 1.170102820371262995e-16 -9.554614613666030376e-01 -2.951159023895452149e-01 5.151422327787310573e-01 0.000000000000000000e+00 0.000000000000000000e+00 0.000000000000000000e+00 1.000000000000000000e+00
6.325961301489774202e-01 -2.247884172509666545e-01 7.411425663057973345e-01 -9.944414347110990260e-01 -7.744818500911031522e-01 -1.836069920018759405e-01 6.053646309188248642e-01 -6.915525462687131808e-02 1.171929169717125519e-16 -9.569527887820947765e-01 -2.902436218802604273e-01 5.236378242170437458e-01 0.000000000000000000e+00 0.000000000000000000e+00 0.000000000000000000e+00 1.000000000000000000e+00
6.324304778821314699e-01 -2.209972691926653243e-01 7.424229910604622784e-01 -9.979780987485842303e-01 -7.746171251952662651e-01 -1.804316016521469168e-01 6.061458128861917372e-01 -7.551242510220443349e-02 1.173748823828811796e-16 -9.584386491239935690e-01 -2.852987133959324351e-01 5.323081486560924391e-01 0.000000000000000000e+00 0.000000000000000000e+00 0.000000000000000000e+00 1.000000000000000000e+00
6.322894577325178789e-01 -2.171607850147201646e-01 7.436741457736103511e-01 -1.001358338019980643e+00 -7.747322386736713584e-01 -1.772334596954364960e-01 6.069417263000358442e-01 -8.175372186509981265e-02 1.175552167274544437e-16 -9.599111907964072987e-01 -2.803043092494716393e-01 5.411501455444904796e-01 0.000000000000000000e+00 0.000000000000000000e+00 0.000000000000000000e+00 1.000000000000000000e+00
6.321765807422971006e-01 -2.132963291297860497e-01 7.448875396600052046e-01 -1.004561954445367222e+00 -7.748243483273986598e-01 -1.740277578075997977e-01 6.077512392019298604e-01 -8.788445632491392878e-02 1.177330246705045734e-16 -9.613631028348328389e-01 -2.752834621036698293e-01 5.501607543308520976e-01 0.000000000000000000e+00 0.000000000000000000e+00 0.000000000000000000e+00 1.000000000000000000e+00
6.320952879772905320e-01 -2.094212729080957291e-01 7.460551436525715285e-01 -1.007568749944822262e+00 -7.748906677182956226e-01 -1.708295186948064481e-01 6.085735194909442924e-01 -9.390993989100318573e-02 1.179074780125873086e-16 -9.627876224775917535e-01 -2.702591238125853779e-01 5.593369144637908574e-01 0.000000000000000000e+00 0.000000000000000000e+00 0.000000000000000000e+00 1.000000000000000000e+00
6.320489516669374197e-01 -2.055529695207391760e-01 7.471693913818548971e-01 -1.010358526438423166e+00 -7.749284629543073954e-01 -1.676535901163173359e-01 6.094080332785124510e-01 -9.983548397272370978e-02 1.180778158655165278e-16 -9.641785366011400571e-01 -2.652541226026167709e-01 5.686755653919201015e-01 0.000000000000000000e+00 0.000000000000000000e+00 0.000000000000000000e+00 1.000000000000000000e+00
6.320408766976883808e-01 -2.017087267673608741e-01 7.482231750815444560e-01 -1.012911085846248671e+00 -7.749350490094103483e-01 -1.645146398612165883e-01 6.102545395882909007e-01 -1.056663999794319880e-01 1.182433440819058687e-16 -9.655301770619209023e-01 -2.602911392705784532e-01 5.781736465638540601e-01 0.000000000000000000e+00 0.000000000000000000e+00 0.000000000000000000e+00 1.000000000000000000e+00
6.320742197695985443e-01 -1.979057058183066320e-01 7.492099253928842240e-01 -1.015206983498748494e+00 -7.749078530397361941e-01 -1.614270575557626708e-01 6.111130209594909379e-01 -1.114080465077017940e-01 1.184034377020017221e-16 -9.668374406762734186e-01 -2.553925670542383508e-01 5.878277305550535514e-01 0.000000000000000000e+00 0.000000000000000000e+00 0.000000000000000000e+00 1.000000000000000000e+00
6.321507299700286353e-01 -1.941597807109514962e-01 7.501249456941391225e-01 -1.017239090477686014e+00 -7.748454391672960906e-01 -1.584035226937026697e-01 6.119827361943028787e-01 -1.170665535080165909e-01 1.185575944916373861e-16 -9.680962263910034560e-01 -2.505787230542512178e-01 5.976283927863287326e-01 0.000000000000000000e+00 0.000000000000000000e+00 0.000000000000000000e+00 1.000000000000000000e+00
6.322710262882972332e-01 -1.904857446859845871e-01 7.509650660235596131e-01 -1.019010321734870272e+00 -7.747472809351080292e-01 -1.554553597665171427e-01 6.128623677494967614e-01 -1.226486799934504018e-01 1.187054136243252109e-16 -9.693032612094568679e-01 -2.458682326139580709e-01 6.075613178163393746e-01 0.000000000000000000e+00 0.000000000000000000e+00 0.000000000000000000e+00 1.000000000000000000e+00
6.324356782305842195e-01 -1.868982311064763813e-01 7.517274533434914474e-01 -1.020523885325224978e+00 -7.746128793797718570e-01 -1.525937829029694603e-01 6.137507837211619854e-01 -1.281612033345633506e-01 1.188465418113649129e-16 -9.704556603104707024e-01 -2.412795295323837408e-01 6.176120474771938929e-01 0.000000000000000000e+00 0.000000000000000000e+00 0.000000000000000000e+00 1.000000000000000000e+00
6.326452389705634616e-01 -1.834117174219979385e-01 7.524095583657826047e-01 -1.021782989303673617e+00 -7.744417354506915041e-01 -1.498299284334339287e-01 6.146470458220338884e-01 -1.336109009019155469e-01 1.189806689284757769e-16 -9.715508913371164734e-01 -2.368308796209961098e-01 6.277661236010015910e-01 0.000000000000000000e+00 0.000000000000000000e+00 0.000000000000000000e+00 1.000000000000000000e+00
6.329002461943925573e-01 -1.800405011875344519e-01 7.530090944332735736e-01 -1.022790841725139899e+00 -7.742333487825729943e-01 -1.471748507161660391e-01 6.155503918848537204e-01 -1.390045500660671562e-01 1.191075247115876496e-16 -9.725867474157849912e-01 -2.325403594028020715e-01 6.380090880198706627e-01 0.000000000000000000e+00 0.000000000000000000e+00 0.000000000000000000e+00 1.000000000000000000e+00
6.332012229347343535e-01 -1.767986766952058808e-01 7.535240136802415778e-01 -1.023550650644547311e+00 -7.739872164796760545e-01 -1.446395184739938666e-01 6.164602164143719865e-01 -1.443489281975783856e-01 1.192268750421158907e-16 -9.735613168231548320e-01 -2.284258356350366004e-01 6.483264825659105224e-01 0.000000000000000000e+00 0.000000000000000000e+00 0.000000000000000000e+00 1.000000000000000000e+00
6.335486783917992915e-01 -1.737001123899779842e-01 7.539524806403341550e-01 -1.024065624116819562e+00 -7.737028319115837327e-01 -1.422348117419758029e-01 6.173760492768732844e-01 -1.496508126670091920e-01 1.193385178446531355e-16 -9.744729494883035414e-01 -2.245049458599215064e-01 6.587038490712293637e-01 0.000000000000000000e+00 0.000000000000000000e+00 0.000000000000000000e+00 1.000000000000000000e+00
6.339431087395160924e-01 -1.707584291942652877e-01 7.542928434903682922e-01 -1.024338970196880139e+00 -7.733796835201182107e-01 -1.399715194924346928e-01 6.182975326243028702e-01 -1.549169808449197272e-01 1.194422786225422478e-16 -9.753202205378940226e-01 -2.207950801306811928e-01 6.691267293679361572e-01 0.000000000000000000e+00 0.000000000000000000e+00 0.000000000000000000e+00 1.000000000000000000e+00
6.343849979150438800e-01 -1.679869798177542339e-01 7.545436031350601924e-01 -1.024373896939652751e+00 -7.730172536368964398e-01 -1.378603379679520513e-01 6.192243961562174936e-01 -1.601542101018702535e-01 1.195380056588632152e-16 -9.761018911092589345e-01 -2.173133639998435784e-01 6.795806652881398735e-01 0.000000000000000000e+00 0.000000000000000000e+00 0.000000000000000000e+00 1.000000000000000000e+00
6.348748183899378672e-01 -1.653988290786987669e-01 7.547033803513395478e-01 -1.024173612400060884e+00 -7.726150173109136432e-01 -1.359118697158205880e-01 6.201564308269377213e-01 -1.653692778084207560e-01 1.196255649119778087e-16 -9.768168666693595181e-01 -2.140766427947121686e-01 6.900511986639489281e-01 0.000000000000000000e+00 0.000000000000000000e+00 0.000000000000000000e+00 1.000000000000000000e+00
6.354130319213684430e-01 -1.630067352121639113e-01 7.547708812215568885e-01 -1.023741324633028249e+00 -7.721724411454308212e-01 -1.341366232795366820e-01 6.210934611076418532e-01 -1.705689613351314415e-01 1.197048346359616905e-16 -9.774641530872808515e-01 -2.111014671416683308e-01 7.005238713274722917e-01 0.000000000000000000e+00 0.000000000000000000e+00 0.000000000000000000e+00 1.000000000000000000e+00
6.360000902818773172e-01 -1.608231320899818351e-01 7.547448610929471391e-01 -1.023080241693478110e+00 -7.716889821433527974e-01 -1.325450134645594080e-01 6.220353159140048493e-01 -1.757600380525623784e-01 1.197756997570673812e-16 -9.780428107145658911e-01 -2.084040796374964644e-01 7.109842251108186018e-01 0.000000000000000000e+00 0.000000000000000000e+00 0.000000000000000000e+00 1.000000000000000000e+00
6.366364359662249894e-01 -1.588601122272814137e-01 7.546240873066258903e-01 -1.022193571636334841e+00 -7.711640865601968597e-01 -1.311473620571364795e-01 6.229817983097352130e-01 -1.809492853312738292e-01 1.198380460378731061e-16 -9.785519067318758646e-01 -2.060004025030292840e-01 7.214178018460969399e-01 0.000000000000000000e+00 0.000000000000000000e+00 0.000000000000000000e+00 1.000000000000000000e+00
6.373225028739540887e-01 -1.571294104020471427e-01 7.544073009437167743e-01 -1.021084522516521487e+00 -7.705971887636748896e-01 -1.299538988368317272e-01 6.239326540954782674e-01 -1.861434805418257510e-01 1.198917540610768125e-16 -9.789904660229391542e-01 -2.039060259928294483e-01 7.318101433654158328e-01 0.000000000000000000e+00 0.000000000000000000e+00 0.000000000000000000e+00 1.000000000000000000e+00
6.380587169663356484e-01 -1.556423876679124130e-01 7.540931778396519070e-01 -1.019756302388961533e+00 -7.699877100988519185e-01 -1.289747626857783436e-01 6.248875393915881427e-01 -1.913494010547783786e-01 1.199366930650913502e-16 -9.793574208383670765e-01 -2.021361972750590208e-01 7.421467915008841398e-01 0.000000000000000000e+00 0.000000000000000000e+00 0.000000000000000000e+00 1.000000000000000000e+00
6.388454968964242253e-01 -1.544100154968953975e-01 7.536802891209304356e-01 -1.018212119308578911e+00 -7.693350577577761085e-01 -1.282200025609085969e-01 6.258459873228554571e-01 -1.965738242406918912e-01 1.199727146638105901e-16 -9.796515595136513488e-01 -2.007058094387675629e-01 7.524132880846106097e-01 0.000000000000000000e+00 0.000000000000000000e+00 0.000000000000000000e+00 1.000000000000000000e+00
6.396832546109708639e-01 -1.534428597486233725e-01 7.531670615225283250e-01 -1.016455181330297330e+00 -7.686386236524389570e-01 -1.276995780597120489e-01 6.268073739140722633e-01 -2.018235274701262183e-01 1.199996464832678135e-16 -9.798714745085377320e-01 -1.996293902321604197e-01 7.625951749487036579e-01 0.000000000000000000e+00 0.000000000000000000e+00 0.000000000000000000e+00 1.000000000000000000e+00
6.405723959229819853e-01 -1.527510641263122027e-01 7.525517377494850280e-01 -1.014488696509039833e+00 -7.678977832898662426e-01 -1.274233592757244016e-01 6.277708833080739570e-01 -2.071052881136416501e-01 1.200172857485376603e-16 -9.800155100401060082e-01 -1.989210900855690745e-01 7.726779939252726992e-01 0.000000000000000000e+00 0.000000000000000000e+00 0.000000000000000000e+00 1.000000000000000000e+00
6.415133210537147246e-01 -1.523443327479305776e-01 7.518323371538507827e-01 -1.012315872899730351e+00 -7.671118946481234602e-01 -1.274011256071928277e-01 6.287354724233290559e-01 -2.124258835417982549e-01 1.200253928552728431e-16 -9.800817095903830989e-01 -1.985946689274209476e-01 7.826472868464260380e-01 0.000000000000000000e+00 0.000000000000000000e+00 0.000000000000000000e+00 1.000000000000000000e+00
6.425064254489913917e-01 -1.522311751646526767e-01 7.510067659913247651e-01 -1.009939918557292593e+00 -7.662802967953433741e-01 -1.276419459119449984e-01 6.296999606058845123e-01 -2.177920911251561564e-01 1.200237088119880969e-16 -9.800679583334009903e-01 -1.986625204919112431e-01 7.924885955442724228e-01 0.000000000000000000e+00 0.000000000000000000e+00 0.000000000000000000e+00 1.000000000000000000e+00
6.435521042812893944e-01 -1.524060024726170970e-01 7.500753958672694566e-01 -1.007364041536650046e+00 -7.654023053761493944e-01 -1.281433344365891513e-01 6.306652018023097828e-01 -2.232106882342754783e-01 1.200123681645575230e-16 -9.799753549195965308e-01 -1.991188181719922012e-01 8.021874618509209354e-01 0.000000000000000000e+00 0.000000000000000000e+00 0.000000000000000000e+00 1.000000000000000000e+00
6.446507466215208870e-01 -1.528510397347993544e-01 7.490407028541949952e-01 -1.004591449892726418e+00 -7.644772167176178135e-01 -1.288927056714514185e-01 6.316337986083210287e-01 -2.286884522397164554e-01 1.199918426764978574e-16 -9.798077515904247692e-01 -1.999419163740225047e-01 8.117294275984802132e-01 0.000000000000000000e+00 0.000000000000000000e+00 0.000000000000000000e+00 1.000000000000000000e+00
6.458027281198884806e-01 -1.535481822549521480e-01 7.479049351883628738e-01 -1.001625351680444975e+00 -7.635043132510184183e-01 -1.298772427045824518e-01 6.326081452799557914e-01 -2.342321605120390449e-01 1.199625685210515735e-16 -9.795687099706967826e-01 -2.011097771028176884e-01 8.211000346190587829e-01 0.000000000000000000e+00 0.000000000000000000e+00 0.000000000000000000e+00 1.000000000000000000e+00
6.470084102762142519e-01 -1.544794444481496498e-01 7.466700866345435950e-01 -9.984689549547298704e-01 -7.624828634348747025e-01 -1.310842571890628028e-01 6.335904043507490924e-01 -2.398485904218035369e-01 1.199249419845056347e-16 -9.792614659835149338e-01 -2.026005460007877512e-01 8.302848247447659480e-01 0.000000000000000000e+00 0.000000000000000000e+00 0.000000000000000000e+00 1.000000000000000000e+00
6.482681398882612633e-01 -1.556269859074433659e-01 7.453379502367889486e-01 -9.951254677705043683e-01 -7.614121215254020525e-01 -1.325011958944355694e-01 6.345825511946658892e-01 -2.455445193395700276e-01 1.198793280584883614e-16 -9.788890000117015378e-01 -2.043925773018461511e-01 8.392693398077101241e-01 0.000000000000000000e+00 0.000000000000000000e+00 0.000000000000000000e+00 1.000000000000000000e+00
